20 20 20 20 20 20 20 20 20 20 20 20 20 20 20 20 20 20 20 20 20 20 20 20 20 20 20 20 20 20 20 20 20 20 20 20 20 20 20 20 20 20 20 20 20 20 20 20 20 20 20 20 20 20 20 20 20 20 20 20 20 20 20 20 20 20 20 20 20 20 20 20 20 20 20 20 20 20 20 20 20 20 20 20 20 20 20 20 20 20 20 20 20 20 20 20 20 20 20 20 
20 20 20 20 20 20 20 20 20 20 20 20 20 20 20 20 20 20 20 20 20 20 20 20 20 20 20 20 20 20 20 20 20 20 20 20 20 20 20 20 20 20 20 20 20 20 20 20 20 20 20 20 20 20 20 20 20 20 20 20 20 20 20 20 20 20 20 20 20 20 20 20 20 20 20 20 20 20 20 20 20 20 20 20 20 20 20 20 20 20 20 20 20 20 20 20 20 20 20 20 
20 20 20 20 20 20 20 20 20 20 20 20 20 20 20 20 20 20 20 20 20 20 20 20 20 20 20 20 20 20 20 20 20 20 20 20 20 20 20 20 20 20 20 20 20 20 20 20 20 20 20 20 20 20 20 20 20 20 20 20 20 20 20 20 20 20 20 20 20 20 20 20 20 20 20 20 20 20 20 20 20 20 20 20 20 20 20 20 20 20 20 20 20 20 20 20 20 20 20 20 
20 20 20 20 20 20 20 20 20 20 20 20 20 20 20 20 20 20 20 20 20 20 20 20 20 20 20 20 20 20 20 20 20 20 20 20 20 20 20 20 20 20 20 20 20 20 20 20 20 20 20 20 20 20 20 20 20 20 20 20 20 20 20 20 20 20 20 20 20 20 20 20 20 20 20 20 20 20 20 20 20 20 20 20 20 20 20 20 20 20 20 20 20 20 20 20 20 20 20 20 
20 20 20 20 20 20 20 20 20 20 20 20 20 20 20 20 20 20 20 20 20 20 20 20 20 20 20 20 20 20 20 20 20 20 20 20 20 20 20 20 20 20 20 20 20 20 20 20 20 20 20 20 20 20 20 20 20 20 20 20 20 20 20 20 20 20 20 20 20 20 20 20 20 20 20 20 20 20 20 20 20 20 20 20 20 20 20 20 20 20 20 20 20 20 20 20 20 20 20 20 
20 20 20 20 20 20 20 20 20 20 20 20 20 20 20 20 20 20 20 20 20 20 20 20 20 20 20 20 20 20 20 20 20 20 20 20 20 20 20 20 20 20 20 20 20 20 20 20 20 20 20 20 20 20 20 20 20 20 20 20 20 20 20 20 20 20 20 20 20 20 20 20 20 20 20 20 20 20 20 20 20 20 20 20 20 20 20 20 20 20 20 20 20 20 20 20 20 20 20 20 
20 20 20 20 20 20 20 20 20 20 20 20 20 20 20 20 20 20 20 20 20 20 20 20 20 20 20 20 20 20 20 20 20 20 20 20 20 20 20 20 20 20 20 20 20 20 20 20 20 20 20 20 20 20 20 20 20 20 20 20 20 20 20 20 20 20 20 20 20 20 20 20 20 20 20 20 20 20 20 20 20 20 20 20 20 20 20 20 20 20 20 20 20 20 20 20 20 20 20 20 
20 20 20 20 20 20 20 20 20 20 20 20 20 20 20 20 20 20 20 20 20 20 20 20 20 20 20 20 20 20 20 20 20 20 20 20 20 20 20 20 20 20 20 20 20 20 20 20 20 20 20 20 20 20 20 20 20 20 20 20 20 20 20 20 20 20 20 20 20 20 20 20 20 20 20 20 20 20 20 20 20 20 20 20 20 20 20 20 20 20 20 20 20 20 20 20 20 20 20 20 
20 20 20 20 20 20 20 20 20 20 20 20 20 20 20 20 20 20 20 20 20 20 20 20 20 20 20 20 20 20 20 20 20 20 20 20 20 20 20 20 20 20 20 20 20 20 20 20 20 20 20 20 20 20 20 20 20 20 20 20 20 20 20 20 20 20 20 20 20 20 20 20 20 20 20 20 20 20 20 20 20 20 20 20 20 20 20 20 20 20 20 20 20 20 20 20 20 20 20 20 
20 20 20 20 20 20 20 20 20 20 20 20 20 20 20 20 20 20 20 20 20 20 20 20 20 20 20 20 20 20 20 20 20 20 20 20 20 20 20 20 20 20 20 20 20 20 20 20 20 20 20 20 20 20 20 20 20 20 20 20 20 20 20 20 20 20 20 20 20 20 20 20 20 20 20 20 20 20 20 20 20 20 20 20 20 20 20 20 20 20 20 20 20 20 20 20 20 20 20 20 
20 20 20 20 20 20 20 20 20 20 20 20 20 20 20 20 20 20 20 20 20 20 20 20 20 20 20 20 20 20 20 20 20 20 20 20 20 20 20 20 20 20 20 20 20 20 20 20 20 20 20 20 20 20 20 20 20 20 20 20 20 20 20 20 20 20 20 20 20 20 20 20 20 20 20 20 20 20 20 20 20 20 20 20 20 20 20 20 20 20 20 20 20 20 20 20 20 20 20 20 
20 20 20 20 20 20 20 20 20 20 20 20 20 20 20 20 20 20 20 20 20 20 20 20 20 20 20 20 20 20 20 20 20 20 20 20 20 20 20 20 20 20 20 20 20 20 20 20 20 20 20 20 20 20 20 20 20 20 20 20 20 20 20 20 20 20 20 20 20 20 20 20 20 20 20 20 20 20 20 20 20 20 20 20 20 20 20 20 20 20 20 20 20 20 20 20 20 20 20 20 
20 20 20 20 20 20 20 20 20 20 20 20 20 20 20 20 20 20 20 20 20 20 20 20 20 20 20 20 20 20 20 20 20 20 20 20 20 20 20 20 20 20 20 20 20 20 20 20 20 20 20 20 20 20 20 20 20 20 20 20 20 20 20 20 20 20 20 20 20 20 20 20 20 20 20 20 20 20 20 20 20 20 20 20 20 20 20 20 20 20 20 20 20 20 20 20 20 20 20 20 
20 20 20 20 20 20 20 20 20 20 20 20 20 20 20 20 20 20 20 20 20 20 20 20 20 20 20 20 20 20 20 20 20 20 20 20 20 20 20 20 20 20 20 20 20 20 20 20 20 20 20 20 20 20 20 20 20 20 20 20 20 20 20 20 20 20 20 20 20 20 20 20 20 20 20 20 20 20 20 20 20 20 20 20 20 20 20 20 20 20 20 20 20 20 20 20 20 20 20 20 
20 20 20 20 20 20 20 20 20 20 20 20 20 20 20 20 20 20 20 20 20 20 20 20 20 20 20 20 20 20 20 20 20 20 20 20 20 20 20 20 20 20 20 20 20 20 20 20 20 20 20 20 20 20 20 20 20 20 20 20 20 20 20 20 20 20 20 20 20 20 20 20 20 20 20 20 20 20 20 20 20 20 20 20 20 20 20 20 20 20 20 20 20 20 20 20 20 20 20 20 
20 20 20 20 20 20 20 20 20 20 20 20 20 20 20 20 20 20 20 20 20 20 20 20 20 20 20 20 20 20 20 20 20 20 20 20 20 20 20 20 20 20 20 20 20 20 20 20 20 20 20 20 20 20 20 20 20 20 20 20 20 20 20 20 20 20 20 20 20 20 20 20 20 20 20 20 20 20 20 20 20 20 20 20 20 20 20 20 20 20 20 20 20 20 20 20 20 20 20 20 
20 20 20 20 20 20 20 20 20 20 20 20 20 20 20 20 20 20 20 20 20 20 20 20 20 20 20 20 20 20 20 20 20 20 20 20 20 20 20 20 20 20 20 20 20 20 20 20 20 20 20 20 20 20 20 20 20 20 20 20 20 20 20 20 20 20 20 20 20 20 20 20 20 20 20 20 20 20 20 20 20 20 20 20 20 20 20 20 20 20 20 20 20 20 20 20 20 20 20 20 
20 20 20 20 20 20 20 20 20 20 20 20 20 20 20 20 20 20 20 20 20 20 20 20 20 20 20 20 20 20 20 20 20 20 20 20 20 20 20 20 20 20 20 20 20 20 20 20 20 20 20 20 20 20 20 20 20 20 20 20 20 20 20 20 20 20 20 20 20 20 20 20 20 20 20 20 20 20 20 20 20 20 20 20 20 20 20 20 20 20 20 20 20 20 20 20 20 20 20 20 
20 20 20 20 20 20 20 20 20 20 20 20 20 20 20 20 20 20 20 20 20 20 20 20 20 20 20 20 20 20 20 20 20 20 20 20 20 20 20 20 20 20 20 20 20 20 20 20 20 20 20 20 20 20 20 20 20 20 20 20 20 20 20 20 20 20 20 20 20 20 20 20 20 20 20 20 20 20 20 20 20 20 20 20 20 20 20 20 20 20 20 20 20 20 20 20 20 20 20 20 
20 20 20 20 20 20 20 20 20 20 20 20 20 20 20 20 20 20 20 20 20 20 20 20 20 20 20 20 20 20 20 20 20 20 20 20 20 20 20 20 20 20 20 20 20 20 20 20 20 20 20 20 20 20 20 20 20 20 20 20 20 20 20 20 20 20 20 20 20 20 20 20 20 20 20 20 20 20 20 20 20 20 20 20 20 20 20 20 20 20 20 20 20 20 20 20 20 20 20 20 
20 20 20 20 20 20 20 20 20 20 20 20 20 20 20 20 20 20 20 20 20 20 20 20 20 20 20 20 20 20 20 20 20 20 20 20 20 20 20 20 20 20 20 20 20 20 20 20 20 20 20 20 20 20 20 20 20 20 20 20 20 20 20 20 20 20 20 20 20 20 20 20 20 20 20 20 20 20 20 20 20 20 20 20 20 20 20 20 20 20 20 20 20 20 20 20 20 20 20 20 
20 20 20 20 20 20 20 20 20 20 20 20 20 20 20 20 20 20 20 20 20 20 20 20 20 20 20 20 20 20 20 20 20 20 20 20 20 20 20 20 20 20 20 20 20 20 20 20 20 20 20 20 20 20 20 20 20 20 20 20 20 20 20 20 20 20 20 20 20 20 20 20 20 20 20 20 20 20 20 20 20 20 20 20 20 20 20 20 20 20 20 20 20 20 20 20 20 20 20 20 
20 20 20 20 20 20 20 20 20 20 20 20 20 20 20 20 20 20 20 20 20 20 20 20 20 20 20 20 20 20 20 20 20 20 20 20 20 20 20 20 20 20 20 20 20 20 20 20 20 20 20 20 20 20 20 20 20 20 20 20 20 20 20 20 20 20 20 20 20 20 20 20 20 20 20 20 20 20 20 20 20 20 20 20 20 20 20 20 20 20 20 20 20 20 20 20 20 20 20 20 
20 20 20 20 20 20 20 20 20 20 20 20 20 20 20 20 20 20 20 20 20 20 20 20 20 20 20 20 20 20 20 20 20 20 20 20 20 20 20 20 20 20 20 20 20 20 20 20 20 20 20 20 20 20 20 20 20 20 20 20 20 20 20 20 20 20 20 20 20 20 20 20 20 20 20 20 20 20 20 20 20 20 20 20 20 20 20 20 20 20 20 20 20 20 20 20 20 20 20 20 
20 20 20 20 20 20 20 20 20 20 20 20 20 20 20 20 20 20 20 20 20 20 20 20 20 20 20 20 20 20 20 20 20 20 20 20 20 20 20 20 20 20 20 20 20 20 20 20 20 20 20 20 20 20 20 20 20 20 20 20 20 20 20 20 20 20 20 20 20 20 20 20 20 20 20 20 20 20 20 20 20 20 20 20 20 20 20 20 20 20 20 20 20 20 20 20 20 20 20 20 
20 20 20 20 20 20 20 20 20 20 20 20 20 20 20 20 20 20 20 20 20 20 20 20 20 20 20 20 20 20 20 20 20 20 20 20 20 20 20 20 20 20 20 20 20 20 20 20 20 20 20 20 20 20 20 20 20 20 20 20 20 20 20 20 20 20 20 20 20 20 20 20 20 20 20 20 20 20 20 20 20 20 20 20 20 20 20 20 20 20 20 20 20 20 20 20 20 20 20 20 
20 20 20 20 20 20 20 20 20 20 20 20 20 20 20 20 20 20 20 20 20 20 20 20 20 20 20 20 20 20 20 20 20 20 20 20 20 20 20 20 20 20 20 20 20 20 20 20 20 20 20 20 20 20 20 20 20 20 20 20 20 20 20 20 20 20 20 20 20 20 20 20 20 20 20 20 20 20 20 20 20 20 20 20 20 20 20 20 20 20 20 20 20 20 20 20 20 20 20 20 
20 20 20 20 20 20 20 20 20 20 20 20 20 20 20 20 20 20 20 20 20 20 20 20 20 20 20 20 20 20 20 20 20 20 20 20 20 20 20 20 20 20 20 20 20 20 20 20 20 20 20 20 20 20 20 20 20 20 20 20 20 20 20 20 20 20 20 20 20 20 20 20 20 20 20 20 20 20 20 20 20 20 20 20 20 20 20 20 20 20 20 20 20 20 20 20 20 20 20 20 
20 20 20 20 20 20 20 20 20 20 20 20 20 20 20 20 20 20 20 20 20 20 20 20 20 20 20 20 20 20 20 20 20 20 20 20 20 20 20 20 20 20 20 20 20.0001 20.0001 20.0001 20.0001 20.0001 20.0001 20.0001 20.0001 20.0001 20.0001 20.0001 20.0001 20.0001 20 20 20 20 20 20 20 20 20 20 20 20 20 20 20 20 20 20 20 20 20 20 20 20 20 20 20 20 20 20 20 20 20 20 20 20 20 20 20 20 20 20 20 
20 20 20 20 20 20 20 20 20 20 20 20 20 20 20 20 20 20 20 20 20 20 20 20 20 20 20 20 20 20 20 20 20 20 20 20 20 20 20 20 20 20.0001 20.0001 20.0001 20.0002 20.0002 20.0003 20.0004 20.0004 20.0004 20.0004 20.0004 20.0004 20.0004 20.0003 20.0002 20.0002 20.0001 20.0001 20.0001 20 20 20 20 20 20 20 20 20 20 20 20 20 20 20 20 20 20 20 20 20 20 20 20 20 20 20 20 20 20 20 20 20 20 20 20 20 20 20 20 
20 20 20 20 20 20 20 20 20 20 20 20 20 20 20 20 20 20 20 20 20 20 20 20 20 20 20 20 20 20 20 20 20 20 20 20 20 20 20 20 20.0001 20.0001 20.0002 20.0003 20.0005 20.0007 20.0008 20.001 20.0011 20.0012 20.0013 20.0012 20.0011 20.001 20.0008 20.0007 20.0005 20.0003 20.0002 20.0001 20.0001 20 20 20 20 20 20 20 20 20 20 20 20 20 20 20 20 20 20 20 20 20 20 20 20 20 20 20 20 20 20 20 20 20 20 20 20 20 20 20 
20 20 20 20 20 20 20 20 20 20 20 20 20 20 20 20 20 20 20 20 20 20 20 20 20 20 20 20 20 20 20 20 20 20 20 20 20 20 20.0001 20.0001 20.0002 20.0004 20.0006 20.001 20.0013 20.0018 20.0023 20.0027 20.0031 20.0034 20.0034 20.0034 20.0031 20.0027 20.0023 20.0018 20.0013 20.001 20.0006 20.0004 20.0002 20.0001 20.0001 20 20 20 20 20 20 20 20 20 20 20 20 20 20 20 20 20 20 20 20 20 20 20 20 20 20 20 20 20 20 20 20 20 20 20 20 20 
20 20 20 20 20 20 20 20 20 20 20 20 20 20 20 20 20 20 20 20 20 20 20 20 20 20 20 20 20 20 20 20 20 20 20 20 20 20.0001 20.0002 20.0004 20.0006 20.0011 20.0017 20.0025 20.0035 20.0046 20.0059 20.007 20.008 20.0086 20.0088 20.0086 20.008 20.007 20.0059 20.0046 20.0035 20.0025 20.0017 20.0011 20.0006 20.0004 20.0002 20.0001 20 20 20 20 20 20 20 20 20 20 20 20 20 20 20 20 20 20 20 20 20 20 20 20 20 20 20 20 20 20 20 20 20 20 20 20 
20 20 20 20 20 20 20 20 20 20 20 20 20 20 20 20 20 20 20 20 20 20 20 20 20 20 20 20 20 20 20 20 20 20 20 20.0001 20.0001 20.0002 20.0005 20.0009 20.0016 20.0026 20.0041 20.0061 20.0086 20.0114 20.0144 20.0172 20.0195 20.0211 20.0216 20.0211 20.0195 20.0172 20.0144 20.0114 20.0086 20.0061 20.0041 20.0026 20.0016 20.0009 20.0005 20.0002 20.0001 20.0001 20 20 20 20 20 20 20 20 20 20 20 20 20 20 20 20 20 20 20 20 20 20 20 20 20 20 20 20 20 20 20 20 20 20 
20 20 20 20 20 20 20 20 20 20 20 20 20 20 20 20 20 20 20 20 20 20 20 20 20 20 20 20 20 20 20 20 20 20 20.0001 20.0001 20.0003 20.0006 20.0011 20.0021 20.0037 20.0062 20.0096 20.0142 20.02 20.0265 20.0334 20.0399 20.0453 20.0489 20.0501 20.0489 20.0453 20.0399 20.0334 20.0265 20.02 20.0142 20.0096 20.0062 20.0037 20.0021 20.0011 20.0006 20.0003 20.0001 20.0001 20 20 20 20 20 20 20 20 20 20 20 20 20 20 20 20 20 20 20 20 20 20 20 20 20 20 20 20 20 20 20 20 20 
20 20 20 20 20 20 20 20 20 20 20 20 20 20 20 20 20 20 20 20 20 20 20 20 20 20 20 20 20 20 20 20 20 20.0001 20.0001 20.0003 20.0006 20.0013 20.0026 20.0048 20.0083 20.0137 20.0214 20.0316 20.0442 20.0586 20.0737 20.088 20.0998 20.1076 20.1103 20.1076 20.0998 20.088 20.0737 20.0586 20.0442 20.0316 20.0214 20.0137 20.0083 20.0048 20.0026 20.0013 20.0006 20.0003 20.0001 20.0001 20 20 20 20 20 20 20 20 20 20 20 20 20 20 20 20 20 20 20 20 20 20 20 20 20 20 20 20 20 20 20 20 
20 20 20 20 20 20 20 20 20 20 20 20 20 20 20 20 20 20 20 20 20 20 20 20 20 20 20 20 20 20 20 20 20 20.0001 20.0003 20.0006 20.0014 20.0029 20.0056 20.0102 20.0177 20.0291 20.0452 20.0666 20.0929 20.123 20.1544 20.1841 20.2087 20.2249 20.2306 20.2249 20.2087 20.1841 20.1544 20.123 20.0929 20.0666 20.0452 20.0291 20.0177 20.0102 20.0056 20.0029 20.0014 20.0006 20.0003 20.0001 20 20 20 20 20 20 20 20 20 20 20 20 20 20 20 20 20 20 20 20 20 20 20 20 20 20 20 20 20 20 20 20 
20 20 20 20 20 20 20 20 20 20 20 20 20 20 20 20 20 20 20 20 20 20 20 20 20 20 20 20 20 20 20 20 20.0001 20.0002 20.0006 20.0013 20.0029 20.0059 20.0113 20.0207 20.0357 20.0584 20.0906 20.133 20.1852 20.2447 20.3068 20.3656 20.4141 20.4461 20.4573 20.4461 20.4141 20.3656 20.3068 20.2447 20.1852 20.133 20.0906 20.0584 20.0357 20.0207 20.0113 20.0059 20.0029 20.0013 20.0006 20.0002 20.0001 20 20 20 20 20 20 20 20 20 20 20 20 20 20 20 20 20 20 20 20 20 20 20 20 20 20 20 20 20 20 20 
20 20 20 20 20 20 20 20 20 20 20 20 20 20 20 20 20 20 20 20 20 20 20 20 20 20 20 20 20 20 20 20.0001 20.0002 20.0005 20.0011 20.0026 20.0056 20.0113 20.0217 20.0395 20.0681 20.1112 20.1719 20.252 20.3502 20.4619 20.5785 20.6886 20.7795 20.8395 20.8604 20.8395 20.7795 20.6886 20.5785 20.4619 20.3502 20.252 20.1719 20.1112 20.0681 20.0395 20.0217 20.0113 20.0056 20.0026 20.0011 20.0005 20.0002 20.0001 20 20 20 20 20 20 20 20 20 20 20 20 20 20 20 20 20 20 20 20 20 20 20 20 20 20 20 20 20 20 
20 20 20 20 20 20 20 20 20 20 20 20 20 20 20 20 20 20 20 20 20 20 20 20 20 20 20 20 20 20 20 20.0001 20.0004 20.0009 20.0021 20.0048 20.0102 20.0207 20.0395 20.0717 20.1232 20.2006 20.3094 20.4525 20.6278 20.8269 21.0347 21.2306 21.3921 21.4987 21.536 21.4987 21.3921 21.2306 21.0347 20.8269 20.6278 20.4525 20.3094 20.2006 20.1232 20.0717 20.0395 20.0207 20.0102 20.0048 20.0021 20.0009 20.0004 20.0001 20 20 20 20 20 20 20 20 20 20 20 20 20 20 20 20 20 20 20 20 20 20 20 20 20 20 20 20 20 20 
20 20 20 20 20 20 20 20 20 20 20 20 20 20 20 20 20 20 20 20 20 20 20 20 20 20 20 20 20 20 20.0001 20.0002 20.0006 20.0016 20.0037 20.0083 20.0177 20.0357 20.0681 20.1232 20.2111 20.3428 20.5277 20.7705 21.0675 21.4043 21.7553 22.0862 22.3588 22.5387 22.6015 22.5387 22.3588 22.0862 21.7553 21.4043 21.0675 20.7705 20.5277 20.3428 20.2111 20.1232 20.0681 20.0357 20.0177 20.0083 20.0037 20.0016 20.0006 20.0002 20.0001 20 20 20 20 20 20 20 20 20 20 20 20 20 20 20 20 20 20 20 20 20 20 20 20 20 20 20 20 20 
20 20 20 20 20 20 20 20 20 20 20 20 20 20 20 20 20 20 20 20 20 20 20 20 20 20 20 20 20 20.0001 20.0001 20.0004 20.0011 20.0026 20.0062 20.0137 20.0291 20.0584 20.1112 20.2006 20.3428 20.5555 20.8536 21.2443 21.7217 22.2624 22.8255 23.3558 23.7926 24.0807 24.1814 24.0807 23.7926 23.3558 22.8255 22.2624 21.7217 21.2443 20.8536 20.5555 20.3428 20.2006 20.1112 20.0584 20.0291 20.0137 20.0062 20.0026 20.0011 20.0004 20.0001 20.0001 20 20 20 20 20 20 20 20 20 20 20 20 20 20 20 20 20 20 20 20 20 20 20 20 20 20 20 20 
20 20 20 20 20 20 20 20 20 20 20 20 20 20 20 20 20 20 20 20 20 20 20 20 20 20 20 20 20 20.0001 20.0002 20.0006 20.0017 20.0041 20.0096 20.0214 20.0452 20.0906 20.1719 20.3094 20.5277 20.8536 21.3096 21.9064 22.6346 23.4588 24.3164 25.1235 25.7881 26.2263 26.3793 26.2263 25.7881 25.1235 24.3164 23.4588 22.6346 21.9064 21.3096 20.8536 20.5277 20.3094 20.1719 20.0906 20.0452 20.0214 20.0096 20.0041 20.0017 20.0006 20.0002 20.0001 20 20 20 20 20 20 20 20 20 20 20 20 20 20 20 20 20 20 20 20 20 20 20 20 20 20 20 20 
20 20 20 20 20 20 20 20 20 20 20 20 20 20 20 20 20 20 20 20 20 20 20 20 20 20 20 20 20 20.0001 20.0003 20.001 20.0025 20.0061 20.0142 20.0316 20.0666 20.133 20.252 20.4525 20.7705 21.2443 21.9064 22.7719 23.8269 25.02 26.2604 27.4274 28.3879 29.021 29.2422 29.021 28.3879 27.4274 26.2604 25.02 23.8269 22.7719 21.9064 21.2443 20.7705 20.4525 20.252 20.133 20.0666 20.0316 20.0142 20.0061 20.0025 20.001 20.0003 20.0001 20 20 20 20 20 20 20 20 20 20 20 20 20 20 20 20 20 20 20 20 20 20 20 20 20 20 20 20 
20 20 20 20 20 20 20 20 20 20 20 20 20 20 20 20 20 20 20 20 20 20 20 20 20 20 20 20 20.0001 20.0002 20.0005 20.0013 20.0035 20.0086 20.02 20.0442 20.0929 20.1852 20.3502 20.6278 21.0675 21.7217 22.6346 23.8269 25.2791 26.92 28.6252 30.2287 31.5481 32.4176 32.7213 32.4176 31.5481 30.2287 28.6252 26.92 25.2791 23.8269 22.6346 21.7217 21.0675 20.6278 20.3502 20.1852 20.0929 20.0442 20.02 20.0086 20.0035 20.0013 20.0005 20.0002 20.0001 20 20 20 20 20 20 20 20 20 20 20 20 20 20 20 20 20 20 20 20 20 20 20 20 20 20 20 
20 20 20 20 20 20 20 20 20 20 20 20 20 20 20 20 20 20 20 20 20 20 20 20 20 20 20 20 20.0001 20.0002 20.0007 20.0018 20.0046 20.0114 20.0265 20.0586 20.123 20.2447 20.4619 20.8269 21.4043 22.2624 23.4588 25.02 26.92 29.0658 31.2946 33.3897 35.1131 36.2487 36.6453 36.2487 35.1131 33.3897 31.2946 29.0658 26.92 25.02 23.4588 22.2624 21.4043 20.8269 20.4619 20.2447 20.123 20.0586 20.0265 20.0114 20.0046 20.0018 20.0007 20.0002 20.0001 20 20 20 20 20 20 20 20 20 20 20 20 20 20 20 20 20 20 20 20 20 20 20 20 20 20 20 
20 20 20 20 20 20 20 20 20 20 20 20 20 20 20 20 20 20 20 20 20 20 20 20 20 20 20 20 20.0001 20.0003 20.0008 20.0023 20.0059 20.0144 20.0334 20.0737 20.1544 20.3068 20.5785 21.0347 21.7553 22.8255 24.3164 26.2604 28.6252 31.2946 34.0662 36.6708 38.8129 40.2242 40.717 40.2242 38.8129 36.6708 34.0662 31.2946 28.6252 26.2604 24.3164 22.8255 21.7553 21.0347 20.5785 20.3068 20.1544 20.0737 20.0334 20.0144 20.0059 20.0023 20.0008 20.0003 20.0001 20 20 20 20 20 20 20 20 20 20 20 20 20 20 20 20 20 20 20 20 20 20 20 20 20 20 20 
20 20 20 20 20 20 20 20 20 20 20 20 20 20 20 20 20 20 20 20 20 20 20 20 20 20 20 20 20.0001 20.0004 20.001 20.0027 20.007 20.0172 20.0399 20.088 20.1841 20.3656 20.6886 21.2306 22.0862 23.3558 25.1235 27.4274 30.2287 33.3897 36.6708 39.7536 42.2885 43.9584 44.5416 43.9584 42.2885 39.7536 36.6708 33.3897 30.2287 27.4274 25.1235 23.3558 22.0862 21.2306 20.6886 20.3656 20.1841 20.088 20.0399 20.0172 20.007 20.0027 20.001 20.0004 20.0001 20 20 20 20 20 20 20 20 20 20 20 20 20 20 20 20 20 20 20 20 20 20 20 20 20 20 20 
20 20 20 20 20 20 20 20 20 20 20 20 20 20 20 20 20 20 20 20 20 20 20 20 20 20 20 20 20.0001 20.0004 20.0011 20.0031 20.008 20.0195 20.0453 20.0998 20.2087 20.4141 20.7795 21.3921 22.3588 23.7926 25.7881 28.3879 31.5481 35.1131 38.8129 42.2885 45.1462 47.0286 47.6859 47.0286 45.1462 42.2885 38.8129 35.1131 31.5481 28.3879 25.7881 23.7926 22.3588 21.3921 20.7795 20.4141 20.2087 20.0998 20.0453 20.0195 20.008 20.0031 20.0011 20.0004 20.0001 20 20 20 20 20 20 20 20 20 20 20 20 20 20 20 20 20 20 20 20 20 20 20 20 20 20 20 
20 20 20 20 20 20 20 20 20 20 20 20 20 20 20 20 20 20 20 20 20 20 20 20 20 20 20 20 20.0001 20.0004 20.0012 20.0034 20.0086 20.0211 20.0489 20.1076 20.2249 20.4461 20.8395 21.4987 22.5387 24.0807 26.2263 29.021 32.4176 36.2487 40.2242 43.9584 47.0286 49.0508 49.7569 49.0508 47.0286 43.9584 40.2242 36.2487 32.4176 29.021 26.2263 24.0807 22.5387 21.4987 20.8395 20.4461 20.2249 20.1076 20.0489 20.0211 20.0086 20.0034 20.0012 20.0004 20.0001 20 20 20 20 20 20 20 20 20 20 20 20 20 20 20 20 20 20 20 20 20 20 20 20 20 20 20 
20 20 20 20 20 20 20 20 20 20 20 20 20 20 20 20 20 20 20 20 20 20 20 20 20 20 20 20 20.0001 20.0004 20.0013 20.0034 20.0088 20.0216 20.0501 20.1103 20.2306 20.4573 20.8604 21.536 22.6015 24.1814 26.3793 29.2422 32.7213 36.6453 40.717 44.5416 47.6859 49.7569 50.4802 49.7569 47.6859 44.5416 40.717 36.6453 32.7213 29.2422 26.3793 24.1814 22.6015 21.536 20.8604 20.4573 20.2306 20.1103 20.0501 20.0216 20.0088 20.0034 20.0013 20.0004 20.0001 20 20 20 20 20 20 20 20 20 20 20 20 20 20 20 20 20 20 20 20 20 20 20 20 20 20 20 
20 20 20 20 20 20 20 20 20 20 20 20 20 20 20 20 20 20 20 20 20 20 20 20 20 20 20 20 20.0001 20.0004 20.0012 20.0034 20.0086 20.0211 20.0489 20.1076 20.2249 20.4461 20.8395 21.4987 22.5387 24.0807 26.2263 29.021 32.4176 36.2487 40.2242 43.9584 47.0286 49.0508 49.7569 49.0508 47.0286 43.9584 40.2242 36.2487 32.4176 29.021 26.2263 24.0807 22.5387 21.4987 20.8395 20.4461 20.2249 20.1076 20.0489 20.0211 20.0086 20.0034 20.0012 20.0004 20.0001 20 20 20 20 20 20 20 20 20 20 20 20 20 20 20 20 20 20 20 20 20 20 20 20 20 20 20 
20 20 20 20 20 20 20 20 20 20 20 20 20 20 20 20 20 20 20 20 20 20 20 20 20 20 20 20 20.0001 20.0004 20.0011 20.0031 20.008 20.0195 20.0453 20.0998 20.2087 20.4141 20.7795 21.3921 22.3588 23.7926 25.7881 28.3879 31.5481 35.1131 38.8129 42.2885 45.1462 47.0286 47.6859 47.0286 45.1462 42.2885 38.8129 35.1131 31.5481 28.3879 25.7881 23.7926 22.3588 21.3921 20.7795 20.4141 20.2087 20.0998 20.0453 20.0195 20.008 20.0031 20.0011 20.0004 20.0001 20 20 20 20 20 20 20 20 20 20 20 20 20 20 20 20 20 20 20 20 20 20 20 20 20 20 20 
20 20 20 20 20 20 20 20 20 20 20 20 20 20 20 20 20 20 20 20 20 20 20 20 20 20 20 20 20.0001 20.0004 20.001 20.0027 20.007 20.0172 20.0399 20.088 20.1841 20.3656 20.6886 21.2306 22.0862 23.3558 25.1235 27.4274 30.2287 33.3897 36.6708 39.7536 42.2885 43.9584 44.5416 43.9584 42.2885 39.7536 36.6708 33.3897 30.2287 27.4274 25.1235 23.3558 22.0862 21.2306 20.6886 20.3656 20.1841 20.088 20.0399 20.0172 20.007 20.0027 20.001 20.0004 20.0001 20 20 20 20 20 20 20 20 20 20 20 20 20 20 20 20 20 20 20 20 20 20 20 20 20 20 20 
20 20 20 20 20 20 20 20 20 20 20 20 20 20 20 20 20 20 20 20 20 20 20 20 20 20 20 20 20.0001 20.0003 20.0008 20.0023 20.0059 20.0144 20.0334 20.0737 20.1544 20.3068 20.5785 21.0347 21.7553 22.8255 24.3164 26.2604 28.6252 31.2946 34.0662 36.6708 38.8129 40.2242 40.717 40.2242 38.8129 36.6708 34.0662 31.2946 28.6252 26.2604 24.3164 22.8255 21.7553 21.0347 20.5785 20.3068 20.1544 20.0737 20.0334 20.0144 20.0059 20.0023 20.0008 20.0003 20.0001 20 20 20 20 20 20 20 20 20 20 20 20 20 20 20 20 20 20 20 20 20 20 20 20 20 20 20 
20 20 20 20 20 20 20 20 20 20 20 20 20 20 20 20 20 20 20 20 20 20 20 20 20 20 20 20 20.0001 20.0002 20.0007 20.0018 20.0046 20.0114 20.0265 20.0586 20.123 20.2447 20.4619 20.8269 21.4043 22.2624 23.4588 25.02 26.92 29.0658 31.2946 33.3897 35.1131 36.2487 36.6453 36.2487 35.1131 33.3897 31.2946 29.0658 26.92 25.02 23.4588 22.2624 21.4043 20.8269 20.4619 20.2447 20.123 20.0586 20.0265 20.0114 20.0046 20.0018 20.0007 20.0002 20.0001 20 20 20 20 20 20 20 20 20 20 20 20 20 20 20 20 20 20 20 20 20 20 20 20 20 20 20 
20 20 20 20 20 20 20 20 20 20 20 20 20 20 20 20 20 20 20 20 20 20 20 20 20 20 20 20 20.0001 20.0002 20.0005 20.0013 20.0035 20.0086 20.02 20.0442 20.0929 20.1852 20.3502 20.6278 21.0675 21.7217 22.6346 23.8269 25.2791 26.92 28.6252 30.2287 31.5481 32.4176 32.7213 32.4176 31.5481 30.2287 28.6252 26.92 25.2791 23.8269 22.6346 21.7217 21.0675 20.6278 20.3502 20.1852 20.0929 20.0442 20.02 20.0086 20.0035 20.0013 20.0005 20.0002 20.0001 20 20 20 20 20 20 20 20 20 20 20 20 20 20 20 20 20 20 20 20 20 20 20 20 20 20 20 
20 20 20 20 20 20 20 20 20 20 20 20 20 20 20 20 20 20 20 20 20 20 20 20 20 20 20 20 20 20.0001 20.0003 20.001 20.0025 20.0061 20.0142 20.0316 20.0666 20.133 20.252 20.4525 20.7705 21.2443 21.9064 22.7719 23.8269 25.02 26.2604 27.4274 28.3879 29.021 29.2422 29.021 28.3879 27.4274 26.2604 25.02 23.8269 22.7719 21.9064 21.2443 20.7705 20.4525 20.252 20.133 20.0666 20.0316 20.0142 20.0061 20.0025 20.001 20.0003 20.0001 20 20 20 20 20 20 20 20 20 20 20 20 20 20 20 20 20 20 20 20 20 20 20 20 20 20 20 20 
20 20 20 20 20 20 20 20 20 20 20 20 20 20 20 20 20 20 20 20 20 20 20 20 20 20 20 20 20 20.0001 20.0002 20.0006 20.0017 20.0041 20.0096 20.0214 20.0452 20.0906 20.1719 20.3094 20.5277 20.8536 21.3096 21.9064 22.6346 23.4588 24.3164 25.1235 25.7881 26.2263 26.3793 26.2263 25.7881 25.1235 24.3164 23.4588 22.6346 21.9064 21.3096 20.8536 20.5277 20.3094 20.1719 20.0906 20.0452 20.0214 20.0096 20.0041 20.0017 20.0006 20.0002 20.0001 20 20 20 20 20 20 20 20 20 20 20 20 20 20 20 20 20 20 20 20 20 20 20 20 20 20 20 20 
20 20 20 20 20 20 20 20 20 20 20 20 20 20 20 20 20 20 20 20 20 20 20 20 20 20 20 20 20 20.0001 20.0001 20.0004 20.0011 20.0026 20.0062 20.0137 20.0291 20.0584 20.1112 20.2006 20.3428 20.5555 20.8536 21.2443 21.7217 22.2624 22.8255 23.3558 23.7926 24.0807 24.1814 24.0807 23.7926 23.3558 22.8255 22.2624 21.7217 21.2443 20.8536 20.5555 20.3428 20.2006 20.1112 20.0584 20.0291 20.0137 20.0062 20.0026 20.0011 20.0004 20.0001 20.0001 20 20 20 20 20 20 20 20 20 20 20 20 20 20 20 20 20 20 20 20 20 20 20 20 20 20 20 20 
20 20 20 20 20 20 20 20 20 20 20 20 20 20 20 20 20 20 20 20 20 20 20 20 20 20 20 20 20 20 20.0001 20.0002 20.0006 20.0016 20.0037 20.0083 20.0177 20.0357 20.0681 20.1232 20.2111 20.3428 20.5277 20.7705 21.0675 21.4043 21.7553 22.0862 22.3588 22.5387 22.6015 22.5387 22.3588 22.0862 21.7553 21.4043 21.0675 20.7705 20.5277 20.3428 20.2111 20.1232 20.0681 20.0357 20.0177 20.0083 20.0037 20.0016 20.0006 20.0002 20.0001 20 20 20 20 20 20 20 20 20 20 20 20 20 20 20 20 20 20 20 20 20 20 20 20 20 20 20 20 20 
20 20 20 20 20 20 20 20 20 20 20 20 20 20 20 20 20 20 20 20 20 20 20 20 20 20 20 20 20 20 20 20.0001 20.0004 20.0009 20.0021 20.0048 20.0102 20.0207 20.0395 20.0717 20.1232 20.2006 20.3094 20.4525 20.6278 20.8269 21.0347 21.2306 21.3921 21.4987 21.536 21.4987 21.3921 21.2306 21.0347 20.8269 20.6278 20.4525 20.3094 20.2006 20.1232 20.0717 20.0395 20.0207 20.0102 20.0048 20.0021 20.0009 20.0004 20.0001 20 20 20 20 20 20 20 20 20 20 20 20 20 20 20 20 20 20 20 20 20 20 20 20 20 20 20 20 20 20 
20 20 20 20 20 20 20 20 20 20 20 20 20 20 20 20 20 20 20 20 20 20 20 20 20 20 20 20 20 20 20 20.0001 20.0002 20.0005 20.0011 20.0026 20.0056 20.0113 20.0217 20.0395 20.0681 20.1112 20.1719 20.252 20.3502 20.4619 20.5785 20.6886 20.7795 20.8395 20.8604 20.8395 20.7795 20.6886 20.5785 20.4619 20.3502 20.252 20.1719 20.1112 20.0681 20.0395 20.0217 20.0113 20.0056 20.0026 20.0011 20.0005 20.0002 20.0001 20 20 20 20 20 20 20 20 20 20 20 20 20 20 20 20 20 20 20 20 20 20 20 20 20 20 20 20 20 20 
20 20 20 20 20 20 20 20 20 20 20 20 20 20 20 20 20 20 20 20 20 20 20 20 20 20 20 20 20 20 20 20 20.0001 20.0002 20.0006 20.0013 20.0029 20.0059 20.0113 20.0207 20.0357 20.0584 20.0906 20.133 20.1852 20.2447 20.3068 20.3656 20.4141 20.4461 20.4573 20.4461 20.4141 20.3656 20.3068 20.2447 20.1852 20.133 20.0906 20.0584 20.0357 20.0207 20.0113 20.0059 20.0029 20.0013 20.0006 20.0002 20.0001 20 20 20 20 20 20 20 20 20 20 20 20 20 20 20 20 20 20 20 20 20 20 20 20 20 20 20 20 20 20 20 
20 20 20 20 20 20 20 20 20 20 20 20 20 20 20 20 20 20 20 20 20 20 20 20 20 20 20 20 20 20 20 20 20 20.0001 20.0003 20.0006 20.0014 20.0029 20.0056 20.0102 20.0177 20.0291 20.0452 20.0666 20.0929 20.123 20.1544 20.1841 20.2087 20.2249 20.2306 20.2249 20.2087 20.1841 20.1544 20.123 20.0929 20.0666 20.0452 20.0291 20.0177 20.0102 20.0056 20.0029 20.0014 20.0006 20.0003 20.0001 20 20 20 20 20 20 20 20 20 20 20 20 20 20 20 20 20 20 20 20 20 20 20 20 20 20 20 20 20 20 20 20 
20 20 20 20 20 20 20 20 20 20 20 20 20 20 20 20 20 20 20 20 20 20 20 20 20 20 20 20 20 20 20 20 20 20.0001 20.0001 20.0003 20.0006 20.0013 20.0026 20.0048 20.0083 20.0137 20.0214 20.0316 20.0442 20.0586 20.0737 20.088 20.0998 20.1076 20.1103 20.1076 20.0998 20.088 20.0737 20.0586 20.0442 20.0316 20.0214 20.0137 20.0083 20.0048 20.0026 20.0013 20.0006 20.0003 20.0001 20.0001 20 20 20 20 20 20 20 20 20 20 20 20 20 20 20 20 20 20 20 20 20 20 20 20 20 20 20 20 20 20 20 20 
20 20 20 20 20 20 20 20 20 20 20 20 20 20 20 20 20 20 20 20 20 20 20 20 20 20 20 20 20 20 20 20 20 20 20.0001 20.0001 20.0003 20.0006 20.0011 20.0021 20.0037 20.0062 20.0096 20.0142 20.02 20.0265 20.0334 20.0399 20.0453 20.0489 20.0501 20.0489 20.0453 20.0399 20.0334 20.0265 20.02 20.0142 20.0096 20.0062 20.0037 20.0021 20.0011 20.0006 20.0003 20.0001 20.0001 20 20 20 20 20 20 20 20 20 20 20 20 20 20 20 20 20 20 20 20 20 20 20 20 20 20 20 20 20 20 20 20 20 
20 20 20 20 20 20 20 20 20 20 20 20 20 20 20 20 20 20 20 20 20 20 20 20 20 20 20 20 20 20 20 20 20 20 20 20.0001 20.0001 20.0002 20.0005 20.0009 20.0016 20.0026 20.0041 20.0061 20.0086 20.0114 20.0144 20.0172 20.0195 20.0211 20.0216 20.0211 20.0195 20.0172 20.0144 20.0114 20.0086 20.0061 20.0041 20.0026 20.0016 20.0009 20.0005 20.0002 20.0001 20.0001 20 20 20 20 20 20 20 20 20 20 20 20 20 20 20 20 20 20 20 20 20 20 20 20 20 20 20 20 20 20 20 20 20 20 
20 20 20 20 20 20 20 20 20 20 20 20 20 20 20 20 20 20 20 20 20 20 20 20 20 20 20 20 20 20 20 20 20 20 20 20 20 20.0001 20.0002 20.0004 20.0006 20.0011 20.0017 20.0025 20.0035 20.0046 20.0059 20.007 20.008 20.0086 20.0088 20.0086 20.008 20.007 20.0059 20.0046 20.0035 20.0025 20.0017 20.0011 20.0006 20.0004 20.0002 20.0001 20 20 20 20 20 20 20 20 20 20 20 20 20 20 20 20 20 20 20 20 20 20 20 20 20 20 20 20 20 20 20 20 20 20 20 20 
20 20 20 20 20 20 20 20 20 20 20 20 20 20 20 20 20 20 20 20 20 20 20 20 20 20 20 20 20 20 20 20 20 20 20 20 20 20 20.0001 20.0001 20.0002 20.0004 20.0006 20.001 20.0013 20.0018 20.0023 20.0027 20.0031 20.0034 20.0034 20.0034 20.0031 20.0027 20.0023 20.0018 20.0013 20.001 20.0006 20.0004 20.0002 20.0001 20.0001 20 20 20 20 20 20 20 20 20 20 20 20 20 20 20 20 20 20 20 20 20 20 20 20 20 20 20 20 20 20 20 20 20 20 20 20 20 
20 20 20 20 20 20 20 20 20 20 20 20 20 20 20 20 20 20 20 20 20 20 20 20 20 20 20 20 20 20 20 20 20 20 20 20 20 20 20 20 20.0001 20.0001 20.0002 20.0003 20.0005 20.0007 20.0008 20.001 20.0011 20.0012 20.0013 20.0012 20.0011 20.001 20.0008 20.0007 20.0005 20.0003 20.0002 20.0001 20.0001 20 20 20 20 20 20 20 20 20 20 20 20 20 20 20 20 20 20 20 20 20 20 20 20 20 20 20 20 20 20 20 20 20 20 20 20 20 20 20 
20 20 20 20 20 20 20 20 20 20 20 20 20 20 20 20 20 20 20 20 20 20 20 20 20 20 20 20 20 20 20 20 20 20 20 20 20 20 20 20 20 20.0001 20.0001 20.0001 20.0002 20.0002 20.0003 20.0004 20.0004 20.0004 20.0004 20.0004 20.0004 20.0004 20.0003 20.0002 20.0002 20.0001 20.0001 20.0001 20 20 20 20 20 20 20 20 20 20 20 20 20 20 20 20 20 20 20 20 20 20 20 20 20 20 20 20 20 20 20 20 20 20 20 20 20 20 20 20 
20 20 20 20 20 20 20 20 20 20 20 20 20 20 20 20 20 20 20 20 20 20 20 20 20 20 20 20 20 20 20 20 20 20 20 20 20 20 20 20 20 20 20 20 20.0001 20.0001 20.0001 20.0001 20.0001 20.0001 20.0001 20.0001 20.0001 20.0001 20.0001 20.0001 20.0001 20 20 20 20 20 20 20 20 20 20 20 20 20 20 20 20 20 20 20 20 20 20 20 20 20 20 20 20 20 20 20 20 20 20 20 20 20 20 20 20 20 20 20 
20 20 20 20 20 20 20 20 20 20 20 20 20 20 20 20 20 20 20 20 20 20 20 20 20 20 20 20 20 20 20 20 20 20 20 20 20 20 20 20 20 20 20 20 20 20 20 20 20 20 20 20 20 20 20 20 20 20 20 20 20 20 20 20 20 20 20 20 20 20 20 20 20 20 20 20 20 20 20 20 20 20 20 20 20 20 20 20 20 20 20 20 20 20 20 20 20 20 20 20 
20 20 20 20 20 20 20 20 20 20 20 20 20 20 20 20 20 20 20 20 20 20 20 20 20 20 20 20 20 20 20 20 20 20 20 20 20 20 20 20 20 20 20 20 20 20 20 20 20 20 20 20 20 20 20 20 20 20 20 20 20 20 20 20 20 20 20 20 20 20 20 20 20 20 20 20 20 20 20 20 20 20 20 20 20 20 20 20 20 20 20 20 20 20 20 20 20 20 20 20 
20 20 20 20 20 20 20 20 20 20 20 20 20 20 20 20 20 20 20 20 20 20 20 20 20 20 20 20 20 20 20 20 20 20 20 20 20 20 20 20 20 20 20 20 20 20 20 20 20 20 20 20 20 20 20 20 20 20 20 20 20 20 20 20 20 20 20 20 20 20 20 20 20 20 20 20 20 20 20 20 20 20 20 20 20 20 20 20 20 20 20 20 20 20 20 20 20 20 20 20 
20 20 20 20 20 20 20 20 20 20 20 20 20 20 20 20 20 20 20 20 20 20 20 20 20 20 20 20 20 20 20 20 20 20 20 20 20 20 20 20 20 20 20 20 20 20 20 20 20 20 20 20 20 20 20 20 20 20 20 20 20 20 20 20 20 20 20 20 20 20 20 20 20 20 20 20 20 20 20 20 20 20 20 20 20 20 20 20 20 20 20 20 20 20 20 20 20 20 20 20 
20 20 20 20 20 20 20 20 20 20 20 20 20 20 20 20 20 20 20 20 20 20 20 20 20 20 20 20 20 20 20 20 20 20 20 20 20 20 20 20 20 20 20 20 20 20 20 20 20 20 20 20 20 20 20 20 20 20 20 20 20 20 20 20 20 20 20 20 20 20 20 20 20 20 20 20 20 20 20 20 20 20 20 20 20 20 20 20 20 20 20 20 20 20 20 20 20 20 20 20 
20 20 20 20 20 20 20 20 20 20 20 20 20 20 20 20 20 20 20 20 20 20 20 20 20 20 20 20 20 20 20 20 20 20 20 20 20 20 20 20 20 20 20 20 20 20 20 20 20 20 20 20 20 20 20 20 20 20 20 20 20 20 20 20 20 20 20 20 20 20 20 20 20 20 20 20 20 20 20 20 20 20 20 20 20 20 20 20 20 20 20 20 20 20 20 20 20 20 20 20 
20 20 20 20 20 20 20 20 20 20 20 20 20 20 20 20 20 20 20 20 20 20 20 20 20 20 20 20 20 20 20 20 20 20 20 20 20 20 20 20 20 20 20 20 20 20 20 20 20 20 20 20 20 20 20 20 20 20 20 20 20 20 20 20 20 20 20 20 20 20 20 20 20 20 20 20 20 20 20 20 20 20 20 20 20 20 20 20 20 20 20 20 20 20 20 20 20 20 20 20 
20 20 20 20 20 20 20 20 20 20 20 20 20 20 20 20 20 20 20 20 20 20 20 20 20 20 20 20 20 20 20 20 20 20 20 20 20 20 20 20 20 20 20 20 20 20 20 20 20 20 20 20 20 20 20 20 20 20 20 20 20 20 20 20 20 20 20 20 20 20 20 20 20 20 20 20 20 20 20 20 20 20 20 20 20 20 20 20 20 20 20 20 20 20 20 20 20 20 20 20 
20 20 20 20 20 20 20 20 20 20 20 20 20 20 20 20 20 20 20 20 20 20 20 20 20 20 20 20 20 20 20 20 20 20 20 20 20 20 20 20 20 20 20 20 20 20 20 20 20 20 20 20 20 20 20 20 20 20 20 20 20 20 20 20 20 20 20 20 20 20 20 20 20 20 20 20 20 20 20 20 20 20 20 20 20 20 20 20 20 20 20 20 20 20 20 20 20 20 20 20 
20 20 20 20 20 20 20 20 20 20 20 20 20 20 20 20 20 20 20 20 20 20 20 20 20 20 20 20 20 20 20 20 20 20 20 20 20 20 20 20 20 20 20 20 20 20 20 20 20 20 20 20 20 20 20 20 20 20 20 20 20 20 20 20 20 20 20 20 20 20 20 20 20 20 20 20 20 20 20 20 20 20 20 20 20 20 20 20 20 20 20 20 20 20 20 20 20 20 20 20 
20 20 20 20 20 20 20 20 20 20 20 20 20 20 20 20 20 20 20 20 20 20 20 20 20 20 20 20 20 20 20 20 20 20 20 20 20 20 20 20 20 20 20 20 20 20 20 20 20 20 20 20 20 20 20 20 20 20 20 20 20 20 20 20 20 20 20 20 20 20 20 20 20 20 20 20 20 20 20 20 20 20 20 20 20 20 20 20 20 20 20 20 20 20 20 20 20 20 20 20 
20 20 20 20 20 20 20 20 20 20 20 20 20 20 20 20 20 20 20 20 20 20 20 20 20 20 20 20 20 20 20 20 20 20 20 20 20 20 20 20 20 20 20 20 20 20 20 20 20 20 20 20 20 20 20 20 20 20 20 20 20 20 20 20 20 20 20 20 20 20 20 20 20 20 20 20 20 20 20 20 20 20 20 20 20 20 20 20 20 20 20 20 20 20 20 20 20 20 20 20 
20 20 20 20 20 20 20 20 20 20 20 20 20 20 20 20 20 20 20 20 20 20 20 20 20 20 20 20 20 20 20 20 20 20 20 20 20 20 20 20 20 20 20 20 20 20 20 20 20 20 20 20 20 20 20 20 20 20 20 20 20 20 20 20 20 20 20 20 20 20 20 20 20 20 20 20 20 20 20 20 20 20 20 20 20 20 20 20 20 20 20 20 20 20 20 20 20 20 20 20 
20 20 20 20 20 20 20 20 20 20 20 20 20 20 20 20 20 20 20 20 20 20 20 20 20 20 20 20 20 20 20 20 20 20 20 20 20 20 20 20 20 20 20 20 20 20 20 20 20 20 20 20 20 20 20 20 20 20 20 20 20 20 20 20 20 20 20 20 20 20 20 20 20 20 20 20 20 20 20 20 20 20 20 20 20 20 20 20 20 20 20 20 20 20 20 20 20 20 20 20 
20 20 20 20 20 20 20 20 20 20 20 20 20 20 20 20 20 20 20 20 20 20 20 20 20 20 20 20 20 20 20 20 20 20 20 20 20 20 20 20 20 20 20 20 20 20 20 20 20 20 20 20 20 20 20 20 20 20 20 20 20 20 20 20 20 20 20 20 20 20 20 20 20 20 20 20 20 20 20 20 20 20 20 20 20 20 20 20 20 20 20 20 20 20 20 20 20 20 20 20 
20 20 20 20 20 20 20 20 20 20 20 20 20 20 20 20 20 20 20 20 20 20 20 20 20 20 20 20 20 20 20 20 20 20 20 20 20 20 20 20 20 20 20 20 20 20 20 20 20 20 20 20 20 20 20 20 20 20 20 20 20 20 20 20 20 20 20 20 20 20 20 20 20 20 20 20 20 20 20 20 20 20 20 20 20 20 20 20 20 20 20 20 20 20 20 20 20 20 20 20 
20 20 20 20 20 20 20 20 20 20 20 20 20 20 20 20 20 20 20 20 20 20 20 20 20 20 20 20 20 20 20 20 20 20 20 20 20 20 20 20 20 20 20 20 20 20 20 20 20 20 20 20 20 20 20 20 20 20 20 20 20 20 20 20 20 20 20 20 20 20 20 20 20 20 20 20 20 20 20 20 20 20 20 20 20 20 20 20 20 20 20 20 20 20 20 20 20 20 20 20 
20 20 20 20 20 20 20 20 20 20 20 20 20 20 20 20 20 20 20 20 20 20 20 20 20 20 20 20 20 20 20 20 20 20 20 20 20 20 20 20 20 20 20 20 20 20 20 20 20 20 20 20 20 20 20 20 20 20 20 20 20 20 20 20 20 20 20 20 20 20 20 20 20 20 20 20 20 20 20 20 20 20 20 20 20 20 20 20 20 20 20 20 20 20 20 20 20 20 20 20 
20 20 20 20 20 20 20 20 20 20 20 20 20 20 20 20 20 20 20 20 20 20 20 20 20 20 20 20 20 20 20 20 20 20 20 20 20 20 20 20 20 20 20 20 20 20 20 20 20 20 20 20 20 20 20 20 20 20 20 20 20 20 20 20 20 20 20 20 20 20 20 20 20 20 20 20 20 20 20 20 20 20 20 20 20 20 20 20 20 20 20 20 20 20 20 20 20 20 20 20 
20 20 20 20 20 20 20 20 20 20 20 20 20 20 20 20 20 20 20 20 20 20 20 20 20 20 20 20 20 20 20 20 20 20 20 20 20 20 20 20 20 20 20 20 20 20 20 20 20 20 20 20 20 20 20 20 20 20 20 20 20 20 20 20 20 20 20 20 20 20 20 20 20 20 20 20 20 20 20 20 20 20 20 20 20 20 20 20 20 20 20 20 20 20 20 20 20 20 20 20 
20 20 20 20 20 20 20 20 20 20 20 20 20 20 20 20 20 20 20 20 20 20 20 20 20 20 20 20 20 20 20 20 20 20 20 20 20 20 20 20 20 20 20 20 20 20 20 20 20 20 20 20 20 20 20 20 20 20 20 20 20 20 20 20 20 20 20 20 20 20 20 20 20 20 20 20 20 20 20 20 20 20 20 20 20 20 20 20 20 20 20 20 20 20 20 20 20 20 20 20 
20 20 20 20 20 20 20 20 20 20 20 20 20 20 20 20 20 20 20 20 20 20 20 20 20 20 20 20 20 20 20 20 20 20 20 20 20 20 20 20 20 20 20 20 20 20 20 20 20 20 20 20 20 20 20 20 20 20 20 20 20 20 20 20 20 20 20 20 20 20 20 20 20 20 20 20 20 20 20 20 20 20 20 20 20 20 20 20 20 20 20 20 20 20 20 20 20 20 20 20 
20 20 20 20 20 20 20 20 20 20 20 20 20 20 20 20 20 20 20 20 20 20 20 20 20 20 20 20 20 20 20 20 20 20 20 20 20 20 20 20 20 20 20 20 20 20 20 20 20 20 20 20 20 20 20 20 20 20 20 20 20 20 20 20 20 20 20 20 20 20 20 20 20 20 20 20 20 20 20 20 20 20 20 20 20 20 20 20 20 20 20 20 20 20 20 20 20 20 20 20 
20 20 20 20 20 20 20 20 20 20 20 20 20 20 20 20 20 20 20 20 20 20 20 20 20 20 20 20 20 20 20 20 20 20 20 20 20 20 20 20 20 20 20 20 20 20 20 20 20 20 20 20 20 20 20 20 20 20 20 20 20 20 20 20 20 20 20 20 20 20 20 20 20 20 20 20 20 20 20 20 20 20 20 20 20 20 20 20 20 20 20 20 20 20 20 20 20 20 20 20 
20 20 20 20 20 20 20 20 20 20 20 20 20 20 20 20 20 20 20 20 20 20 20 20 20 20 20 20 20 20 20 20 20 20 20 20 20 20 20 20 20 20 20 20 20 20 20 20 20 20 20 20 20 20 20 20 20 20 20 20 20 20 20 20 20 20 20 20 20 20 20 20 20 20 20 20 20 20 20 20 20 20 20 20 20 20 20 20 20 20 20 20 20 20 20 20 20 20 20 20 
20 20 20 20 20 20 20 20 20 20 20 20 20 20 20 20 20 20 20 20 20 20 20 20 20 20 20 20 20 20 20 20 20 20 20 20 20 20 20 20 20 20 20 20 20 20 20 20 20 20 20 20 20 20 20 20 20 20 20 20 20 20 20 20 20 20 20 20 20 20 20 20 20 20 20 20 20 20 20 20 20 20 20 20 20 20 20 20 20 20 20 20 20 20 20 20 20 20 20 20 
20 20 20 20 20 20 20 20 20 20 20 20 20 20 20 20 20 20 20 20 20 20 20 20 20 20 20 20 20 20 20 20 20 20 20 20 20 20 20 20 20 20 20 20 20 20 20 20 20 20 20 20 20 20 20 20 20 20 20 20 20 20 20 20 20 20 20 20 20 20 20 20 20 20 20 20 20 20 20 20 20 20 20 20 20 20 20 20 20 20 20 20 20 20 20 20 20 20 20 20 
