20 20 20 20 20 20 20 20 20 20 20 20 20 20 20 20 20 20 20 20 20 20 20 20 20 20 20 20 20 20 20 20 20 20 20 20 20 20 20 20 20 20 20 20 20 20 20 20 20 20 20 20 20 20 20 20 20 20 20 20 20 20 20 20 20 20 20 20 20 20 20 20 20 20 20 20 20 20 20 20 20 20 20 20 20 20 20 20 20 20 20 20 20 20 20 20 20 20 20 20 
20 20 20 20 20 20 20 20 20 20 20 20 20 20 20 20 20 20 20 20 20 20 20 20 20 20 20 20 20 20 20 20 20 20 20 20 20 20 20 20 20 20 20 20 20 20 20 20 20 20 20 20 20 20 20 20 20 20 20 20 20 20 20 20 20 20 20 20 20 20 20 20 20 20 20 20 20 20 20 20 20 20 20 20 20 20 20 20 20 20 20 20 20 20 20 20 20 20 20 20 
20 20 20 20 20 20 20 20 20 20 20 20 20 20 20 20 20 20 20 20 20 20 20 20 20 20 20 20 20 20 20 20 20 20 20 20 20 20 20 20 20 20 20 20 20 20 20 20 20 20 20 20 20 20 20 20 20 20 20 20 20 20 20 20 20 20 20 20 20 20 20 20 20 20 20 20 20 20 20 20 20 20 20 20 20 20 20 20 20 20 20 20 20 20 20 20 20 20 20 20 
20 20 20 20 20 20 20 20 20 20 20 20 20 20 20 20 20 20 20 20 20 20 20 20 20 20 20 20 20 20 20 20 20 20 20 20 20 20 20 20 20 20 20 20 20 20 20 20 20 20 20 20 20 20 20 20 20 20 20 20 20 20 20 20 20 20 20 20 20 20 20 20 20 20 20 20 20 20 20 20 20 20 20 20 20 20 20 20 20 20 20 20 20 20 20 20 20 20 20 20 
20 20 20 20 20 20 20 20 20 20 20 20 20 20 20 20 20 20 20 20 20 20 20 20 20 20 20 20 20 20 20 20 20 20 20 20 20 20 20 20 20 20 20 20 20 20 20 20 20 20 20 20 20 20 20 20 20 20 20 20 20 20 20 20 20 20 20 20 20 20 20 20 20 20 20 20 20 20 20 20 20 20 20 20 20 20 20 20 20 20 20 20 20 20 20 20 20 20 20 20 
20 20 20 20 20 20 20 20 20 20 20 20 20 20 20 20 20 20 20 20 20 20 20 20 20 20 20 20 20 20 20 20 20 20 20 20 20 20 20 20 20 20 20 20 20 20 20 20 20 20 20 20 20 20 20 20 20 20 20 20 20 20 20 20 20 20 20 20 20 20 20 20 20 20 20 20 20 20 20 20 20 20 20 20 20 20 20 20 20 20 20 20 20 20 20 20 20 20 20 20 
20 20 20 20 20 20 20 20 20 20 20 20 20 20 20 20 20 20 20 20 20 20 20 20 20 20 20 20 20 20 20 20 20 20 20 20 20 20 20 20 20 20 20 20 20 20 20 20 20 20 20 20 20 20 20 20 20 20 20 20 20 20 20 20 20 20 20 20 20 20 20 20 20 20 20 20 20 20 20 20 20 20 20 20 20 20 20 20 20 20 20 20 20 20 20 20 20 20 20 20 
20 20 20 20 20 20 20 20 20 20 20 20 20 20 20 20 20 20 20 20 20 20 20 20 20 20 20 20 20 20 20 20 20 20 20 20 20 20 20 20 20 20 20 20 20 20 20 20 20 20 20 20 20 20 20 20 20 20 20 20 20 20 20 20 20 20 20 20 20 20 20 20 20 20 20 20 20 20 20 20 20 20 20 20 20 20 20 20 20 20 20 20 20 20 20 20 20 20 20 20 
20 20 20 20 20 20 20 20 20 20 20 20 20 20 20 20 20 20 20 20 20 20 20 20 20 20 20 20 20 20 20 20 20 20 20 20 20 20 20 20 20 20 20 20 20 20 20 20 20 20 20 20 20 20 20 20 20 20 20 20 20 20 20 20 20 20 20 20 20 20 20 20 20 20 20 20 20 20 20 20 20 20 20 20 20 20 20 20 20 20 20 20 20 20 20 20 20 20 20 20 
20 20 20 20 20 20 20 20 20 20 20 20 20 20 20 20 20 20 20 20 20 20 20 20 20 20 20 20 20 20 20 20 20 20 20 20 20 20 20 20 20 20 20 20 20 20 20 20 20 20 20 20 20 20 20 20 20 20 20 20 20 20 20 20 20 20 20 20 20 20 20 20 20 20 20 20 20 20 20 20 20 20 20 20 20 20 20 20 20 20 20 20 20 20 20 20 20 20 20 20 
20 20 20 20 20 20 20 20 20 20 20 20 20 20 20 20 20 20 20 20 20 20 20 20 20 20 20 20 20 20 20 20 20 20 20 20 20 20 20 20 20 20 20 20 20 20 20 20 20 20 20 20 20 20 20 20 20 20 20 20 20 20 20 20 20 20 20 20 20 20 20 20 20 20 20 20 20 20 20 20 20 20 20 20 20 20 20 20 20 20 20 20 20 20 20 20 20 20 20 20 
20 20 20 20 20 20 20 20 20 20 20 20 20 20 20 20 20 20 20 20 20 20 20 20 20 20 20 20 20 20 20 20 20 20 20 20 20 20 20 20 20 20 20 20 20 20 20 20 20 20 20 20 20 20 20 20 20 20 20 20 20 20 20 20 20 20 20 20 20 20 20 20 20 20 20 20 20 20 20 20 20 20 20 20 20 20 20 20 20 20 20 20 20 20 20 20 20 20 20 20 
20 20 20 20 20 20 20 20 20 20 20 20 20 20 20 20 20 20 20 20 20 20 20 20 20 20 20 20 20 20 20 20 20 20 20 20 20 20 20 20 20 20 20 20 20 20 20 20 20 20 20 20 20 20 20 20 20 20 20 20 20 20 20 20 20 20 20 20 20 20 20 20 20 20 20 20 20 20 20 20 20 20 20 20 20 20 20 20 20 20 20 20 20 20 20 20 20 20 20 20 
20 20 20 20 20 20 20 20 20 20 20 20 20 20 20 20 20 20 20 20 20 20 20 20 20 20 20 20 20 20 20 20 20 20 20 20 20 20 20 20 20 20 20 20 20 20 20 20 20 20 20 20 20 20 20 20 20 20 20 20 20 20 20 20 20 20 20 20 20 20 20 20 20 20 20 20 20 20 20 20 20 20 20 20 20 20 20 20 20 20 20 20 20 20 20 20 20 20 20 20 
20 20 20 20 20 20 20 20 20 20 20 20 20 20 20 20 20 20 20 20 20 20 20 20 20 20 20 20 20 20 20 20 20 20 20 20 20 20 20 20 20 20 20 20 20 20 20 20 20 20 20 20 20 20 20 20 20 20 20 20 20 20 20 20 20 20 20 20 20 20 20 20 20 20 20 20 20 20 20 20 20 20 20 20 20 20 20 20 20 20 20 20 20 20 20 20 20 20 20 20 
20 20 20 20 20 20 20 20 20 20 20 20 20 20 20 20 20 20 20 20 20 20 20 20 20 20 20 20 20 20 20 20 20 20 20 20 20 20 20 20 20 20 20 20 20 20 20 20 20 20 20 20 20 20 20 20 20 20 20 20 20 20 20 20 20 20 20 20 20 20 20 20 20 20 20 20 20 20 20 20 20 20 20 20 20 20 20 20 20 20 20 20 20 20 20 20 20 20 20 20 
20 20 20 20 20 20 20 20 20 20 20 20 20 20 20 20 20 20 20 20 20 20 20 20 20 20 20 20 20 20 20 20 20 20 20 20 20 20 20 20 20 20 20 20 20 20 20 20 20 20 20 20 20 20 20 20 20 20 20 20 20 20 20 20 20 20 20 20 20 20 20 20 20 20 20 20 20 20 20 20 20 20 20 20 20 20 20 20 20 20 20 20 20 20 20 20 20 20 20 20 
20 20 20 20 20 20 20 20 20 20 20 20 20 20 20 20 20 20 20 20 20 20 20 20 20 20 20 20 20 20 20 20 20 20 20 20 20 20 20 20 20 20 20 20 20 20 20 20 20 20 20 20 20 20 20 20 20 20 20 20 20 20 20 20 20 20 20 20 20 20 20 20 20 20 20 20 20 20 20 20 20 20 20 20 20 20 20 20 20 20 20 20 20 20 20 20 20 20 20 20 
20 20 20 20 20 20 20 20 20 20 20 20 20 20 20 20 20 20 20 20 20 20 20 20 20 20 20 20 20 20 20 20 20 20 20 20 20 20 20 20 20 20 20 20 20 20 20 20 20 20 20 20 20 20 20 20 20 20 20 20 20 20 20 20 20 20 20 20 20 20 20 20 20 20 20 20 20 20 20 20 20 20 20 20 20 20 20 20 20 20 20 20 20 20 20 20 20 20 20 20 
20 20 20 20 20 20 20 20 20 20 20 20 20 20 20 20 20 20 20 20 20 20 20 20 20 20 20 20 20 20 20 20 20 20 20 20 20 20 20 20 20 20 20 20 20 20 20 20 20 20 20 20 20 20 20 20 20 20 20 20 20 20 20 20 20 20 20 20 20 20 20 20 20 20 20 20 20 20 20 20 20 20 20 20 20 20 20 20 20 20 20 20 20 20 20 20 20 20 20 20 
20 20 20 20 20 20 20 20 20 20 20 20 20 20 20 20 20 20 20 20 20 20 20 20 20 20 20 20 20 20 20 20 20 20 20 20 20 20 20 20 20 20 20 20 20 20 20 20 20 20 20 20 20 20 20 20 20 20 20 20 20 20 20 20 20 20 20 20 20 20 20 20 20 20 20 20 20 20 20 20 20 20 20 20 20 20 20 20 20 20 20 20 20 20 20 20 20 20 20 20 
20 20 20 20 20 20 20 20 20 20 20 20 20 20 20 20 20 20 20 20 20 20 20 20 20 20 20 20 20 20 20 20 20 20 20 20 20 20 20 20 20 20 20 20 20 20 20 20 20 20 20 20 20 20 20 20 20 20 20 20 20 20 20 20 20 20 20 20 20 20 20 20 20 20 20 20 20 20 20 20 20 20 20 20 20 20 20 20 20 20 20 20 20 20 20 20 20 20 20 20 
20 20 20 20 20 20 20 20 20 20 20 20 20 20 20 20 20 20 20 20 20 20 20 20 20 20 20 20 20 20 20 20 20 20 20 20 20 20 20 20 20 20 20 20 20 20 20 20 20 20 20 20 20 20 20 20 20 20 20 20 20 20 20 20 20 20 20 20 20 20 20 20 20 20 20 20 20 20 20 20 20 20 20 20 20 20 20 20 20 20 20 20 20 20 20 20 20 20 20 20 
20 20 20 20 20 20 20 20 20 20 20 20 20 20 20 20 20 20 20 20 20 20 20 20 20 20 20 20 20 20 20 20 20 20 20 20 20 20 20 20 20 20 20 20 20 20 20 20 20 20 20 20 20 20 20 20 20 20 20 20 20 20 20 20 20 20 20 20 20 20 20 20 20 20 20 20 20 20 20 20 20 20 20 20 20 20 20 20 20 20 20 20 20 20 20 20 20 20 20 20 
20 20 20 20 20 20 20 20 20 20 20 20 20 20 20 20 20 20 20 20 20 20 20 20 20 20 20 20 20 20 20 20 20 20 20 20 20 20 20 20 20 20 20 20 20 20 20 20 20 20 20 20 20 20 20 20 20 20 20 20 20 20 20 20 20 20 20 20 20 20 20 20 20 20 20 20 20 20 20 20 20 20 20 20 20 20 20 20 20 20 20 20 20 20 20 20 20 20 20 20 
20 20 20 20 20 20 20 20 20 20 20 20 20 20 20 20 20 20 20 20 20 20 20 20 20 20 20 20 20 20 20 20 20 20 20 20 20 20 20 20 20 20 20 20 20 20 20 20 20 20 20 20 20 20 20 20 20 20 20 20 20 20 20 20 20 20 20 20 20 20 20 20 20 20 20 20 20 20 20 20 20 20 20 20 20 20 20 20 20 20 20 20 20 20 20 20 20 20 20 20 
20 20 20 20 20 20 20 20 20 20 20 20 20 20 20 20 20 20 20 20 20 20 20 20 20 20 20 20 20 20 20 20 20 20 20 20 20 20 20 20 20 20 20 20 20 20 20 20 20 20.0001 20.0001 20.0001 20 20 20 20 20 20 20 20 20 20 20 20 20 20 20 20 20 20 20 20 20 20 20 20 20 20 20 20 20 20 20 20 20 20 20 20 20 20 20 20 20 20 20 20 20 20 20 20 
20 20 20 20 20 20 20 20 20 20 20 20 20 20 20 20 20 20 20 20 20 20 20 20 20 20 20 20 20 20 20 20 20 20 20 20 20 20 20 20 20 20 20 20 20.0001 20.0001 20.0001 20.0001 20.0001 20.0002 20.0002 20.0002 20.0001 20.0001 20.0001 20.0001 20.0001 20 20 20 20 20 20 20 20 20 20 20 20 20 20 20 20 20 20 20 20 20 20 20 20 20 20 20 20 20 20 20 20 20 20 20 20 20 20 20 20 20 20 20 
20 20 20 20 20 20 20 20 20 20 20 20 20 20 20 20 20 20 20 20 20 20 20 20 20 20 20 20 20 20 20 20 20 20 20 20 20 20 20 20 20 20.0001 20.0001 20.0001 20.0002 20.0002 20.0003 20.0004 20.0004 20.0004 20.0004 20.0004 20.0004 20.0004 20.0003 20.0002 20.0002 20.0001 20.0001 20.0001 20 20 20 20 20 20 20 20 20 20 20 20 20 20 20 20 20 20 20 20 20 20 20 20 20 20 20 20 20 20 20 20 20 20 20 20 20 20 20 20 
20 20 20 20 20 20 20 20 20 20 20 20 20 20 20 20 20 20 20 20 20 20 20 20 20 20 20 20 20 20 20 20 20 20 20 20 20 20 20 20.0001 20.0001 20.0002 20.0003 20.0004 20.0005 20.0006 20.0008 20.001 20.0011 20.0012 20.0012 20.0012 20.0011 20.001 20.0008 20.0006 20.0005 20.0004 20.0003 20.0002 20.0001 20.0001 20 20 20 20 20 20 20 20 20 20 20 20 20 20 20 20 20 20 20 20 20 20 20 20 20 20 20 20 20 20 20 20 20 20 20 20 20 20 
20 20 20 20 20 20 20 20 20 20 20 20 20 20 20 20 20 20 20 20 20 20 20 20 20 20 20 20 20 20 20 20 20 20 20 20 20 20.0001 20.0001 20.0002 20.0003 20.0004 20.0007 20.0009 20.0013 20.0017 20.0021 20.0025 20.0028 20.003 20.003 20.003 20.0028 20.0025 20.0021 20.0017 20.0013 20.0009 20.0007 20.0004 20.0003 20.0002 20.0001 20.0001 20 20 20 20 20 20 20 20 20 20 20 20 20 20 20 20 20 20 20 20 20 20 20 20 20 20 20 20 20 20 20 20 20 20 20 20 
20 20 20 20 20 20 20 20 20 20 20 20 20 20 20 20 20 20 20 20 20 20 20 20 20 20 20 20 20 20 20 20 20 20 20 20 20.0001 20.0001 20.0002 20.0004 20.0007 20.0011 20.0016 20.0023 20.0032 20.0041 20.0051 20.006 20.0068 20.0073 20.0074 20.0073 20.0068 20.006 20.0051 20.0041 20.0032 20.0023 20.0016 20.0011 20.0007 20.0004 20.0002 20.0001 20.0001 20 20 20 20 20 20 20 20 20 20 20 20 20 20 20 20 20 20 20 20 20 20 20 20 20 20 20 20 20 20 20 20 20 20 20 
20 20 20 20 20 20 20 20 20 20 20 20 20 20 20 20 20 20 20 20 20 20 20 20 20 20 20 20 20 20 20 20 20 20 20 20.0001 20.0002 20.0003 20.0006 20.001 20.0016 20.0026 20.0039 20.0055 20.0075 20.0097 20.012 20.0142 20.0159 20.0171 20.0175 20.0171 20.0159 20.0142 20.012 20.0097 20.0075 20.0055 20.0039 20.0026 20.0016 20.001 20.0006 20.0003 20.0002 20.0001 20 20 20 20 20 20 20 20 20 20 20 20 20 20 20 20 20 20 20 20 20 20 20 20 20 20 20 20 20 20 20 20 20 20 
20 20 20 20 20 20 20 20 20 20 20 20 20 20 20 20 20 20 20 20 20 20 20 20 20 20 20 20 20 20 20 20 20 20 20.0001 20.0002 20.0004 20.0007 20.0013 20.0022 20.0037 20.0058 20.0087 20.0125 20.0169 20.0219 20.027 20.0318 20.0357 20.0382 20.0391 20.0382 20.0357 20.0318 20.027 20.0219 20.0169 20.0125 20.0087 20.0058 20.0037 20.0022 20.0013 20.0007 20.0004 20.0002 20.0001 20 20 20 20 20 20 20 20 20 20 20 20 20 20 20 20 20 20 20 20 20 20 20 20 20 20 20 20 20 20 20 20 20 
20 20 20 20 20 20 20 20 20 20 20 20 20 20 20 20 20 20 20 20 20 20 20 20 20 20 20 20 20 20 20 20 20 20.0001 20.0002 20.0004 20.0008 20.0015 20.0028 20.0049 20.008 20.0126 20.0189 20.0268 20.0363 20.047 20.0578 20.068 20.0763 20.0817 20.0836 20.0817 20.0763 20.068 20.0578 20.047 20.0363 20.0268 20.0189 20.0126 20.008 20.0049 20.0028 20.0015 20.0008 20.0004 20.0002 20.0001 20 20 20 20 20 20 20 20 20 20 20 20 20 20 20 20 20 20 20 20 20 20 20 20 20 20 20 20 20 20 20 20 
20 20 20 20 20 20 20 20 20 20 20 20 20 20 20 20 20 20 20 20 20 20 20 20 20 20 20 20 20 20 20 20 20.0001 20.0002 20.0004 20.0008 20.0017 20.0032 20.0058 20.0101 20.0166 20.026 20.0388 20.055 20.0745 20.0961 20.1182 20.1388 20.1556 20.1667 20.1705 20.1667 20.1556 20.1388 20.1182 20.0961 20.0745 20.055 20.0388 20.026 20.0166 20.0101 20.0058 20.0032 20.0017 20.0008 20.0004 20.0002 20.0001 20 20 20 20 20 20 20 20 20 20 20 20 20 20 20 20 20 20 20 20 20 20 20 20 20 20 20 20 20 20 20 
20 20 20 20 20 20 20 20 20 20 20 20 20 20 20 20 20 20 20 20 20 20 20 20 20 20 20 20 20 20 20 20.0001 20.0002 20.0004 20.0008 20.0017 20.0034 20.0064 20.0116 20.02 20.0327 20.0511 20.076 20.1077 20.1455 20.1875 20.2304 20.2704 20.303 20.3244 20.3318 20.3244 20.303 20.2704 20.2304 20.1875 20.1455 20.1077 20.076 20.0511 20.0327 20.02 20.0116 20.0064 20.0034 20.0017 20.0008 20.0004 20.0002 20.0001 20 20 20 20 20 20 20 20 20 20 20 20 20 20 20 20 20 20 20 20 20 20 20 20 20 20 20 20 20 20 
20 20 20 20 20 20 20 20 20 20 20 20 20 20 20 20 20 20 20 20 20 20 20 20 20 20 20 20 20 20 20.0001 20.0001 20.0003 20.0007 20.0015 20.0032 20.0064 20.0121 20.0219 20.0376 20.0615 20.0957 20.1421 20.201 20.2711 20.3489 20.4284 20.5023 20.5626 20.6021 20.6159 20.6021 20.5626 20.5023 20.4284 20.3489 20.2711 20.201 20.1421 20.0957 20.0615 20.0376 20.0219 20.0121 20.0064 20.0032 20.0015 20.0007 20.0003 20.0001 20.0001 20 20 20 20 20 20 20 20 20 20 20 20 20 20 20 20 20 20 20 20 20 20 20 20 20 20 20 20 20 
20 20 20 20 20 20 20 20 20 20 20 20 20 20 20 20 20 20 20 20 20 20 20 20 20 20 20 20 20 20 20.0001 20.0002 20.0006 20.0013 20.0028 20.0058 20.0116 20.0219 20.0394 20.0674 20.11 20.1709 20.2533 20.3577 20.4818 20.6192 20.7597 20.8902 20.9965 21.0662 21.0905 21.0662 20.9965 20.8902 20.7597 20.6192 20.4818 20.3577 20.2533 20.1709 20.11 20.0674 20.0394 20.0219 20.0116 20.0058 20.0028 20.0013 20.0006 20.0002 20.0001 20 20 20 20 20 20 20 20 20 20 20 20 20 20 20 20 20 20 20 20 20 20 20 20 20 20 20 20 20 
20 20 20 20 20 20 20 20 20 20 20 20 20 20 20 20 20 20 20 20 20 20 20 20 20 20 20 20 20 20.0001 20.0002 20.0004 20.001 20.0022 20.0049 20.0101 20.02 20.0376 20.0674 20.1152 20.1875 20.2909 20.4302 20.6068 20.8163 21.048 21.2848 21.5045 21.6835 21.8007 21.8416 21.8007 21.6835 21.5045 21.2848 21.048 20.8163 20.6068 20.4302 20.2909 20.1875 20.1152 20.0674 20.0376 20.02 20.0101 20.0049 20.0022 20.001 20.0004 20.0002 20.0001 20 20 20 20 20 20 20 20 20 20 20 20 20 20 20 20 20 20 20 20 20 20 20 20 20 20 20 20 
20 20 20 20 20 20 20 20 20 20 20 20 20 20 20 20 20 20 20 20 20 20 20 20 20 20 20 20 20 20.0001 20.0003 20.0007 20.0016 20.0037 20.008 20.0166 20.0327 20.0615 20.11 20.1875 20.3047 20.4719 20.6968 20.9814 21.3189 21.6918 22.0724 22.4254 22.713 22.9013 22.9668 22.9013 22.713 22.4254 22.0724 21.6918 21.3189 20.9814 20.6968 20.4719 20.3047 20.1875 20.11 20.0615 20.0327 20.0166 20.008 20.0037 20.0016 20.0007 20.0003 20.0001 20 20 20 20 20 20 20 20 20 20 20 20 20 20 20 20 20 20 20 20 20 20 20 20 20 20 20 20 
20 20 20 20 20 20 20 20 20 20 20 20 20 20 20 20 20 20 20 20 20 20 20 20 20 20 20 20 20.0001 20.0002 20.0004 20.0011 20.0026 20.0058 20.0126 20.026 20.0511 20.0957 20.1709 20.2909 20.4719 20.7297 21.0762 21.514 22.0325 22.6051 23.1891 23.7304 24.1712 24.4597 24.5602 24.4597 24.1712 23.7304 23.1891 22.6051 22.0325 21.514 21.0762 20.7297 20.4719 20.2909 20.1709 20.0957 20.0511 20.026 20.0126 20.0058 20.0026 20.0011 20.0004 20.0002 20.0001 20 20 20 20 20 20 20 20 20 20 20 20 20 20 20 20 20 20 20 20 20 20 20 20 20 20 20 
20 20 20 20 20 20 20 20 20 20 20 20 20 20 20 20 20 20 20 20 20 20 20 20 20 20 20 20 20.0001 20.0003 20.0007 20.0016 20.0039 20.0087 20.0189 20.0388 20.076 20.1421 20.2533 20.4302 20.6968 21.0762 21.5852 22.2278 22.9883 23.8273 24.6826 25.4751 26.1201 26.5422 26.6891 26.5422 26.1201 25.4751 24.6826 23.8273 22.9883 22.2278 21.5852 21.0762 20.6968 20.4302 20.2533 20.1421 20.076 20.0388 20.0189 20.0087 20.0039 20.0016 20.0007 20.0003 20.0001 20 20 20 20 20 20 20 20 20 20 20 20 20 20 20 20 20 20 20 20 20 20 20 20 20 20 20 
20 20 20 20 20 20 20 20 20 20 20 20 20 20 20 20 20 20 20 20 20 20 20 20 20 20 20 20 20.0001 20.0004 20.0009 20.0023 20.0055 20.0125 20.0268 20.055 20.1077 20.201 20.3577 20.6068 20.9814 21.514 22.2278 23.1281 24.1928 25.3666 26.5626 27.6703 28.5717 29.1615 29.3667 29.1615 28.5717 27.6703 26.5626 25.3666 24.1928 23.1281 22.2278 21.514 20.9814 20.6068 20.3577 20.201 20.1077 20.055 20.0268 20.0125 20.0055 20.0023 20.0009 20.0004 20.0001 20 20 20 20 20 20 20 20 20 20 20 20 20 20 20 20 20 20 20 20 20 20 20 20 20 20 20 
20 20 20 20 20 20 20 20 20 20 20 20 20 20 20 20 20 20 20 20 20 20 20 20 20 20 20 20.0001 20.0002 20.0005 20.0013 20.0032 20.0075 20.0169 20.0363 20.0745 20.1455 20.2711 20.4818 20.8163 21.3189 22.0325 22.9883 24.1928 25.6161 27.1847 28.7821 30.2611 31.4643 32.2514 32.5254 32.2514 31.4643 30.2611 28.7821 27.1847 25.6161 24.1928 22.9883 22.0325 21.3189 20.8163 20.4818 20.2711 20.1455 20.0745 20.0363 20.0169 20.0075 20.0032 20.0013 20.0005 20.0002 20.0001 20 20 20 20 20 20 20 20 20 20 20 20 20 20 20 20 20 20 20 20 20 20 20 20 20 20 
20 20 20 20 20 20 20 20 20 20 20 20 20 20 20 20 20 20 20 20 20 20 20 20 20 20 20 20.0001 20.0002 20.0006 20.0017 20.0041 20.0097 20.0219 20.047 20.0961 20.1875 20.3489 20.6192 21.048 21.6918 22.6051 23.8273 25.3666 27.1847 29.1873 31.2261 33.1131 34.648 35.6519 36.0013 35.6519 34.648 33.1131 31.2261 29.1873 27.1847 25.3666 23.8273 22.6051 21.6918 21.048 20.6192 20.3489 20.1875 20.0961 20.047 20.0219 20.0097 20.0041 20.0017 20.0006 20.0002 20.0001 20 20 20 20 20 20 20 20 20 20 20 20 20 20 20 20 20 20 20 20 20 20 20 20 20 20 
20 20 20 20 20 20 20 20 20 20 20 20 20 20 20 20 20 20 20 20 20 20 20 20 20 20 20 20.0001 20.0003 20.0008 20.0021 20.0051 20.012 20.027 20.0578 20.1182 20.2304 20.4284 20.7597 21.2848 22.0724 23.1891 24.6826 26.5626 28.7821 31.2261 33.7134 36.0151 37.8869 39.1111 39.5371 39.1111 37.8869 36.0151 33.7134 31.2261 28.7821 26.5626 24.6826 23.1891 22.0724 21.2848 20.7597 20.4284 20.2304 20.1182 20.0578 20.027 20.012 20.0051 20.0021 20.0008 20.0003 20.0001 20 20 20 20 20 20 20 20 20 20 20 20 20 20 20 20 20 20 20 20 20 20 20 20 20 20 
20 20 20 20 20 20 20 20 20 20 20 20 20 20 20 20 20 20 20 20 20 20 20 20 20 20 20 20.0001 20.0004 20.001 20.0025 20.006 20.0142 20.0318 20.068 20.1388 20.2704 20.5023 20.8902 21.5045 22.4254 23.7304 25.4751 27.6703 30.2611 33.1131 36.0151 38.6999 40.8831 42.3108 42.8076 42.3108 40.8831 38.6999 36.0151 33.1131 30.2611 27.6703 25.4751 23.7304 22.4254 21.5045 20.8902 20.5023 20.2704 20.1388 20.068 20.0318 20.0142 20.006 20.0025 20.001 20.0004 20.0001 20 20 20 20 20 20 20 20 20 20 20 20 20 20 20 20 20 20 20 20 20 20 20 20 20 20 
20 20 20 20 20 20 20 20 20 20 20 20 20 20 20 20 20 20 20 20 20 20 20 20 20 20 20 20.0001 20.0004 20.0011 20.0028 20.0068 20.0159 20.0357 20.0763 20.1556 20.303 20.5626 20.9965 21.6835 22.713 24.1712 26.1201 28.5717 31.4643 34.648 37.8869 40.8831 43.3192 44.9123 45.4666 44.9123 43.3192 40.8831 37.8869 34.648 31.4643 28.5717 26.1201 24.1712 22.713 21.6835 20.9965 20.5626 20.303 20.1556 20.0763 20.0357 20.0159 20.0068 20.0028 20.0011 20.0004 20.0001 20 20 20 20 20 20 20 20 20 20 20 20 20 20 20 20 20 20 20 20 20 20 20 20 20 20 
20 20 20 20 20 20 20 20 20 20 20 20 20 20 20 20 20 20 20 20 20 20 20 20 20 20 20.0001 20.0002 20.0004 20.0012 20.003 20.0073 20.0171 20.0382 20.0817 20.1667 20.3244 20.6021 21.0662 21.8007 22.9013 24.4597 26.5422 29.1615 32.2514 35.6519 39.1111 42.3108 44.9123 46.6134 47.2053 46.6134 44.9123 42.3108 39.1111 35.6519 32.2514 29.1615 26.5422 24.4597 22.9013 21.8007 21.0662 20.6021 20.3244 20.1667 20.0817 20.0382 20.0171 20.0073 20.003 20.0012 20.0004 20.0002 20.0001 20 20 20 20 20 20 20 20 20 20 20 20 20 20 20 20 20 20 20 20 20 20 20 20 20 
20 20 20 20 20 20 20 20 20 20 20 20 20 20 20 20 20 20 20 20 20 20 20 20 20 20 20.0001 20.0002 20.0004 20.0012 20.003 20.0074 20.0175 20.0391 20.0836 20.1705 20.3318 20.6159 21.0905 21.8416 22.9668 24.5602 26.6891 29.3667 32.5254 36.0013 39.5371 42.8076 45.4666 47.2053 47.8103 47.2053 45.4666 42.8076 39.5371 36.0013 32.5254 29.3667 26.6891 24.5602 22.9668 21.8416 21.0905 20.6159 20.3318 20.1705 20.0836 20.0391 20.0175 20.0074 20.003 20.0012 20.0004 20.0002 20.0001 20 20 20 20 20 20 20 20 20 20 20 20 20 20 20 20 20 20 20 20 20 20 20 20 20 
20 20 20 20 20 20 20 20 20 20 20 20 20 20 20 20 20 20 20 20 20 20 20 20 20 20 20.0001 20.0002 20.0004 20.0012 20.003 20.0073 20.0171 20.0382 20.0817 20.1667 20.3244 20.6021 21.0662 21.8007 22.9013 24.4597 26.5422 29.1615 32.2514 35.6519 39.1111 42.3108 44.9123 46.6134 47.2053 46.6134 44.9123 42.3108 39.1111 35.6519 32.2514 29.1615 26.5422 24.4597 22.9013 21.8007 21.0662 20.6021 20.3244 20.1667 20.0817 20.0382 20.0171 20.0073 20.003 20.0012 20.0004 20.0002 20.0001 20 20 20 20 20 20 20 20 20 20 20 20 20 20 20 20 20 20 20 20 20 20 20 20 20 
20 20 20 20 20 20 20 20 20 20 20 20 20 20 20 20 20 20 20 20 20 20 20 20 20 20 20 20.0001 20.0004 20.0011 20.0028 20.0068 20.0159 20.0357 20.0763 20.1556 20.303 20.5626 20.9965 21.6835 22.713 24.1712 26.1201 28.5717 31.4643 34.648 37.8869 40.8831 43.3192 44.9123 45.4666 44.9123 43.3192 40.8831 37.8869 34.648 31.4643 28.5717 26.1201 24.1712 22.713 21.6835 20.9965 20.5626 20.303 20.1556 20.0763 20.0357 20.0159 20.0068 20.0028 20.0011 20.0004 20.0001 20 20 20 20 20 20 20 20 20 20 20 20 20 20 20 20 20 20 20 20 20 20 20 20 20 20 
20 20 20 20 20 20 20 20 20 20 20 20 20 20 20 20 20 20 20 20 20 20 20 20 20 20 20 20.0001 20.0004 20.001 20.0025 20.006 20.0142 20.0318 20.068 20.1388 20.2704 20.5023 20.8902 21.5045 22.4254 23.7304 25.4751 27.6703 30.2611 33.1131 36.0151 38.6999 40.8831 42.3108 42.8076 42.3108 40.8831 38.6999 36.0151 33.1131 30.2611 27.6703 25.4751 23.7304 22.4254 21.5045 20.8902 20.5023 20.2704 20.1388 20.068 20.0318 20.0142 20.006 20.0025 20.001 20.0004 20.0001 20 20 20 20 20 20 20 20 20 20 20 20 20 20 20 20 20 20 20 20 20 20 20 20 20 20 
20 20 20 20 20 20 20 20 20 20 20 20 20 20 20 20 20 20 20 20 20 20 20 20 20 20 20 20.0001 20.0003 20.0008 20.0021 20.0051 20.012 20.027 20.0578 20.1182 20.2304 20.4284 20.7597 21.2848 22.0724 23.1891 24.6826 26.5626 28.7821 31.2261 33.7134 36.0151 37.8869 39.1111 39.5371 39.1111 37.8869 36.0151 33.7134 31.2261 28.7821 26.5626 24.6826 23.1891 22.0724 21.2848 20.7597 20.4284 20.2304 20.1182 20.0578 20.027 20.012 20.0051 20.0021 20.0008 20.0003 20.0001 20 20 20 20 20 20 20 20 20 20 20 20 20 20 20 20 20 20 20 20 20 20 20 20 20 20 
20 20 20 20 20 20 20 20 20 20 20 20 20 20 20 20 20 20 20 20 20 20 20 20 20 20 20 20.0001 20.0002 20.0006 20.0017 20.0041 20.0097 20.0219 20.047 20.0961 20.1875 20.3489 20.6192 21.048 21.6918 22.6051 23.8273 25.3666 27.1847 29.1873 31.2261 33.1131 34.648 35.6519 36.0013 35.6519 34.648 33.1131 31.2261 29.1873 27.1847 25.3666 23.8273 22.6051 21.6918 21.048 20.6192 20.3489 20.1875 20.0961 20.047 20.0219 20.0097 20.0041 20.0017 20.0006 20.0002 20.0001 20 20 20 20 20 20 20 20 20 20 20 20 20 20 20 20 20 20 20 20 20 20 20 20 20 20 
20 20 20 20 20 20 20 20 20 20 20 20 20 20 20 20 20 20 20 20 20 20 20 20 20 20 20 20.0001 20.0002 20.0005 20.0013 20.0032 20.0075 20.0169 20.0363 20.0745 20.1455 20.2711 20.4818 20.8163 21.3189 22.0325 22.9883 24.1928 25.6161 27.1847 28.7821 30.2611 31.4643 32.2514 32.5254 32.2514 31.4643 30.2611 28.7821 27.1847 25.6161 24.1928 22.9883 22.0325 21.3189 20.8163 20.4818 20.2711 20.1455 20.0745 20.0363 20.0169 20.0075 20.0032 20.0013 20.0005 20.0002 20.0001 20 20 20 20 20 20 20 20 20 20 20 20 20 20 20 20 20 20 20 20 20 20 20 20 20 20 
20 20 20 20 20 20 20 20 20 20 20 20 20 20 20 20 20 20 20 20 20 20 20 20 20 20 20 20 20.0001 20.0004 20.0009 20.0023 20.0055 20.0125 20.0268 20.055 20.1077 20.201 20.3577 20.6068 20.9814 21.514 22.2278 23.1281 24.1928 25.3666 26.5626 27.6703 28.5717 29.1615 29.3667 29.1615 28.5717 27.6703 26.5626 25.3666 24.1928 23.1281 22.2278 21.514 20.9814 20.6068 20.3577 20.201 20.1077 20.055 20.0268 20.0125 20.0055 20.0023 20.0009 20.0004 20.0001 20 20 20 20 20 20 20 20 20 20 20 20 20 20 20 20 20 20 20 20 20 20 20 20 20 20 20 
20 20 20 20 20 20 20 20 20 20 20 20 20 20 20 20 20 20 20 20 20 20 20 20 20 20 20 20 20.0001 20.0003 20.0007 20.0016 20.0039 20.0087 20.0189 20.0388 20.076 20.1421 20.2533 20.4302 20.6968 21.0762 21.5852 22.2278 22.9883 23.8273 24.6826 25.4751 26.1201 26.5422 26.6891 26.5422 26.1201 25.4751 24.6826 23.8273 22.9883 22.2278 21.5852 21.0762 20.6968 20.4302 20.2533 20.1421 20.076 20.0388 20.0189 20.0087 20.0039 20.0016 20.0007 20.0003 20.0001 20 20 20 20 20 20 20 20 20 20 20 20 20 20 20 20 20 20 20 20 20 20 20 20 20 20 20 
20 20 20 20 20 20 20 20 20 20 20 20 20 20 20 20 20 20 20 20 20 20 20 20 20 20 20 20 20.0001 20.0002 20.0004 20.0011 20.0026 20.0058 20.0126 20.026 20.0511 20.0957 20.1709 20.2909 20.4719 20.7297 21.0762 21.514 22.0325 22.6051 23.1891 23.7304 24.1712 24.4597 24.5602 24.4597 24.1712 23.7304 23.1891 22.6051 22.0325 21.514 21.0762 20.7297 20.4719 20.2909 20.1709 20.0957 20.0511 20.026 20.0126 20.0058 20.0026 20.0011 20.0004 20.0002 20.0001 20 20 20 20 20 20 20 20 20 20 20 20 20 20 20 20 20 20 20 20 20 20 20 20 20 20 20 
20 20 20 20 20 20 20 20 20 20 20 20 20 20 20 20 20 20 20 20 20 20 20 20 20 20 20 20 20 20.0001 20.0003 20.0007 20.0016 20.0037 20.008 20.0166 20.0327 20.0615 20.11 20.1875 20.3047 20.4719 20.6968 20.9814 21.3189 21.6918 22.0724 22.4254 22.713 22.9013 22.9668 22.9013 22.713 22.4254 22.0724 21.6918 21.3189 20.9814 20.6968 20.4719 20.3047 20.1875 20.11 20.0615 20.0327 20.0166 20.008 20.0037 20.0016 20.0007 20.0003 20.0001 20 20 20 20 20 20 20 20 20 20 20 20 20 20 20 20 20 20 20 20 20 20 20 20 20 20 20 20 
20 20 20 20 20 20 20 20 20 20 20 20 20 20 20 20 20 20 20 20 20 20 20 20 20 20 20 20 20 20.0001 20.0002 20.0004 20.001 20.0022 20.0049 20.0101 20.02 20.0376 20.0674 20.1152 20.1875 20.2909 20.4302 20.6068 20.8163 21.048 21.2848 21.5045 21.6835 21.8007 21.8416 21.8007 21.6835 21.5045 21.2848 21.048 20.8163 20.6068 20.4302 20.2909 20.1875 20.1152 20.0674 20.0376 20.02 20.0101 20.0049 20.0022 20.001 20.0004 20.0002 20.0001 20 20 20 20 20 20 20 20 20 20 20 20 20 20 20 20 20 20 20 20 20 20 20 20 20 20 20 20 
20 20 20 20 20 20 20 20 20 20 20 20 20 20 20 20 20 20 20 20 20 20 20 20 20 20 20 20 20 20 20.0001 20.0002 20.0006 20.0013 20.0028 20.0058 20.0116 20.0219 20.0394 20.0674 20.11 20.1709 20.2533 20.3577 20.4818 20.6192 20.7597 20.8902 20.9965 21.0662 21.0905 21.0662 20.9965 20.8902 20.7597 20.6192 20.4818 20.3577 20.2533 20.1709 20.11 20.0674 20.0394 20.0219 20.0116 20.0058 20.0028 20.0013 20.0006 20.0002 20.0001 20 20 20 20 20 20 20 20 20 20 20 20 20 20 20 20 20 20 20 20 20 20 20 20 20 20 20 20 20 
20 20 20 20 20 20 20 20 20 20 20 20 20 20 20 20 20 20 20 20 20 20 20 20 20 20 20 20 20 20 20.0001 20.0001 20.0003 20.0007 20.0015 20.0032 20.0064 20.0121 20.0219 20.0376 20.0615 20.0957 20.1421 20.201 20.2711 20.3489 20.4284 20.5023 20.5626 20.6021 20.6159 20.6021 20.5626 20.5023 20.4284 20.3489 20.2711 20.201 20.1421 20.0957 20.0615 20.0376 20.0219 20.0121 20.0064 20.0032 20.0015 20.0007 20.0003 20.0001 20.0001 20 20 20 20 20 20 20 20 20 20 20 20 20 20 20 20 20 20 20 20 20 20 20 20 20 20 20 20 20 
20 20 20 20 20 20 20 20 20 20 20 20 20 20 20 20 20 20 20 20 20 20 20 20 20 20 20 20 20 20 20 20.0001 20.0002 20.0004 20.0008 20.0017 20.0034 20.0064 20.0116 20.02 20.0327 20.0511 20.076 20.1077 20.1455 20.1875 20.2304 20.2704 20.303 20.3244 20.3318 20.3244 20.303 20.2704 20.2304 20.1875 20.1455 20.1077 20.076 20.0511 20.0327 20.02 20.0116 20.0064 20.0034 20.0017 20.0008 20.0004 20.0002 20.0001 20 20 20 20 20 20 20 20 20 20 20 20 20 20 20 20 20 20 20 20 20 20 20 20 20 20 20 20 20 20 
20 20 20 20 20 20 20 20 20 20 20 20 20 20 20 20 20 20 20 20 20 20 20 20 20 20 20 20 20 20 20 20 20.0001 20.0002 20.0004 20.0008 20.0017 20.0032 20.0058 20.0101 20.0166 20.026 20.0388 20.055 20.0745 20.0961 20.1182 20.1388 20.1556 20.1667 20.1705 20.1667 20.1556 20.1388 20.1182 20.0961 20.0745 20.055 20.0388 20.026 20.0166 20.0101 20.0058 20.0032 20.0017 20.0008 20.0004 20.0002 20.0001 20 20 20 20 20 20 20 20 20 20 20 20 20 20 20 20 20 20 20 20 20 20 20 20 20 20 20 20 20 20 20 
20 20 20 20 20 20 20 20 20 20 20 20 20 20 20 20 20 20 20 20 20 20 20 20 20 20 20 20 20 20 20 20 20 20.0001 20.0002 20.0004 20.0008 20.0015 20.0028 20.0049 20.008 20.0126 20.0189 20.0268 20.0363 20.047 20.0578 20.068 20.0763 20.0817 20.0836 20.0817 20.0763 20.068 20.0578 20.047 20.0363 20.0268 20.0189 20.0126 20.008 20.0049 20.0028 20.0015 20.0008 20.0004 20.0002 20.0001 20 20 20 20 20 20 20 20 20 20 20 20 20 20 20 20 20 20 20 20 20 20 20 20 20 20 20 20 20 20 20 20 
20 20 20 20 20 20 20 20 20 20 20 20 20 20 20 20 20 20 20 20 20 20 20 20 20 20 20 20 20 20 20 20 20 20 20.0001 20.0002 20.0004 20.0007 20.0013 20.0022 20.0037 20.0058 20.0087 20.0125 20.0169 20.0219 20.027 20.0318 20.0357 20.0382 20.0391 20.0382 20.0357 20.0318 20.027 20.0219 20.0169 20.0125 20.0087 20.0058 20.0037 20.0022 20.0013 20.0007 20.0004 20.0002 20.0001 20 20 20 20 20 20 20 20 20 20 20 20 20 20 20 20 20 20 20 20 20 20 20 20 20 20 20 20 20 20 20 20 20 
20 20 20 20 20 20 20 20 20 20 20 20 20 20 20 20 20 20 20 20 20 20 20 20 20 20 20 20 20 20 20 20 20 20 20 20.0001 20.0002 20.0003 20.0006 20.001 20.0016 20.0026 20.0039 20.0055 20.0075 20.0097 20.012 20.0142 20.0159 20.0171 20.0175 20.0171 20.0159 20.0142 20.012 20.0097 20.0075 20.0055 20.0039 20.0026 20.0016 20.001 20.0006 20.0003 20.0002 20.0001 20 20 20 20 20 20 20 20 20 20 20 20 20 20 20 20 20 20 20 20 20 20 20 20 20 20 20 20 20 20 20 20 20 20 
20 20 20 20 20 20 20 20 20 20 20 20 20 20 20 20 20 20 20 20 20 20 20 20 20 20 20 20 20 20 20 20 20 20 20 20 20.0001 20.0001 20.0002 20.0004 20.0007 20.0011 20.0016 20.0023 20.0032 20.0041 20.0051 20.006 20.0068 20.0073 20.0074 20.0073 20.0068 20.006 20.0051 20.0041 20.0032 20.0023 20.0016 20.0011 20.0007 20.0004 20.0002 20.0001 20.0001 20 20 20 20 20 20 20 20 20 20 20 20 20 20 20 20 20 20 20 20 20 20 20 20 20 20 20 20 20 20 20 20 20 20 20 
20 20 20 20 20 20 20 20 20 20 20 20 20 20 20 20 20 20 20 20 20 20 20 20 20 20 20 20 20 20 20 20 20 20 20 20 20 20.0001 20.0001 20.0002 20.0003 20.0004 20.0007 20.0009 20.0013 20.0017 20.0021 20.0025 20.0028 20.003 20.003 20.003 20.0028 20.0025 20.0021 20.0017 20.0013 20.0009 20.0007 20.0004 20.0003 20.0002 20.0001 20.0001 20 20 20 20 20 20 20 20 20 20 20 20 20 20 20 20 20 20 20 20 20 20 20 20 20 20 20 20 20 20 20 20 20 20 20 20 
20 20 20 20 20 20 20 20 20 20 20 20 20 20 20 20 20 20 20 20 20 20 20 20 20 20 20 20 20 20 20 20 20 20 20 20 20 20 20 20.0001 20.0001 20.0002 20.0003 20.0004 20.0005 20.0006 20.0008 20.001 20.0011 20.0012 20.0012 20.0012 20.0011 20.001 20.0008 20.0006 20.0005 20.0004 20.0003 20.0002 20.0001 20.0001 20 20 20 20 20 20 20 20 20 20 20 20 20 20 20 20 20 20 20 20 20 20 20 20 20 20 20 20 20 20 20 20 20 20 20 20 20 20 
20 20 20 20 20 20 20 20 20 20 20 20 20 20 20 20 20 20 20 20 20 20 20 20 20 20 20 20 20 20 20 20 20 20 20 20 20 20 20 20 20 20.0001 20.0001 20.0001 20.0002 20.0002 20.0003 20.0004 20.0004 20.0004 20.0004 20.0004 20.0004 20.0004 20.0003 20.0002 20.0002 20.0001 20.0001 20.0001 20 20 20 20 20 20 20 20 20 20 20 20 20 20 20 20 20 20 20 20 20 20 20 20 20 20 20 20 20 20 20 20 20 20 20 20 20 20 20 20 
20 20 20 20 20 20 20 20 20 20 20 20 20 20 20 20 20 20 20 20 20 20 20 20 20 20 20 20 20 20 20 20 20 20 20 20 20 20 20 20 20 20 20 20 20.0001 20.0001 20.0001 20.0001 20.0001 20.0002 20.0002 20.0002 20.0001 20.0001 20.0001 20.0001 20.0001 20 20 20 20 20 20 20 20 20 20 20 20 20 20 20 20 20 20 20 20 20 20 20 20 20 20 20 20 20 20 20 20 20 20 20 20 20 20 20 20 20 20 20 
20 20 20 20 20 20 20 20 20 20 20 20 20 20 20 20 20 20 20 20 20 20 20 20 20 20 20 20 20 20 20 20 20 20 20 20 20 20 20 20 20 20 20 20 20 20 20 20 20 20.0001 20.0001 20.0001 20 20 20 20 20 20 20 20 20 20 20 20 20 20 20 20 20 20 20 20 20 20 20 20 20 20 20 20 20 20 20 20 20 20 20 20 20 20 20 20 20 20 20 20 20 20 20 20 
20 20 20 20 20 20 20 20 20 20 20 20 20 20 20 20 20 20 20 20 20 20 20 20 20 20 20 20 20 20 20 20 20 20 20 20 20 20 20 20 20 20 20 20 20 20 20 20 20 20 20 20 20 20 20 20 20 20 20 20 20 20 20 20 20 20 20 20 20 20 20 20 20 20 20 20 20 20 20 20 20 20 20 20 20 20 20 20 20 20 20 20 20 20 20 20 20 20 20 20 
20 20 20 20 20 20 20 20 20 20 20 20 20 20 20 20 20 20 20 20 20 20 20 20 20 20 20 20 20 20 20 20 20 20 20 20 20 20 20 20 20 20 20 20 20 20 20 20 20 20 20 20 20 20 20 20 20 20 20 20 20 20 20 20 20 20 20 20 20 20 20 20 20 20 20 20 20 20 20 20 20 20 20 20 20 20 20 20 20 20 20 20 20 20 20 20 20 20 20 20 
20 20 20 20 20 20 20 20 20 20 20 20 20 20 20 20 20 20 20 20 20 20 20 20 20 20 20 20 20 20 20 20 20 20 20 20 20 20 20 20 20 20 20 20 20 20 20 20 20 20 20 20 20 20 20 20 20 20 20 20 20 20 20 20 20 20 20 20 20 20 20 20 20 20 20 20 20 20 20 20 20 20 20 20 20 20 20 20 20 20 20 20 20 20 20 20 20 20 20 20 
20 20 20 20 20 20 20 20 20 20 20 20 20 20 20 20 20 20 20 20 20 20 20 20 20 20 20 20 20 20 20 20 20 20 20 20 20 20 20 20 20 20 20 20 20 20 20 20 20 20 20 20 20 20 20 20 20 20 20 20 20 20 20 20 20 20 20 20 20 20 20 20 20 20 20 20 20 20 20 20 20 20 20 20 20 20 20 20 20 20 20 20 20 20 20 20 20 20 20 20 
20 20 20 20 20 20 20 20 20 20 20 20 20 20 20 20 20 20 20 20 20 20 20 20 20 20 20 20 20 20 20 20 20 20 20 20 20 20 20 20 20 20 20 20 20 20 20 20 20 20 20 20 20 20 20 20 20 20 20 20 20 20 20 20 20 20 20 20 20 20 20 20 20 20 20 20 20 20 20 20 20 20 20 20 20 20 20 20 20 20 20 20 20 20 20 20 20 20 20 20 
20 20 20 20 20 20 20 20 20 20 20 20 20 20 20 20 20 20 20 20 20 20 20 20 20 20 20 20 20 20 20 20 20 20 20 20 20 20 20 20 20 20 20 20 20 20 20 20 20 20 20 20 20 20 20 20 20 20 20 20 20 20 20 20 20 20 20 20 20 20 20 20 20 20 20 20 20 20 20 20 20 20 20 20 20 20 20 20 20 20 20 20 20 20 20 20 20 20 20 20 
20 20 20 20 20 20 20 20 20 20 20 20 20 20 20 20 20 20 20 20 20 20 20 20 20 20 20 20 20 20 20 20 20 20 20 20 20 20 20 20 20 20 20 20 20 20 20 20 20 20 20 20 20 20 20 20 20 20 20 20 20 20 20 20 20 20 20 20 20 20 20 20 20 20 20 20 20 20 20 20 20 20 20 20 20 20 20 20 20 20 20 20 20 20 20 20 20 20 20 20 
20 20 20 20 20 20 20 20 20 20 20 20 20 20 20 20 20 20 20 20 20 20 20 20 20 20 20 20 20 20 20 20 20 20 20 20 20 20 20 20 20 20 20 20 20 20 20 20 20 20 20 20 20 20 20 20 20 20 20 20 20 20 20 20 20 20 20 20 20 20 20 20 20 20 20 20 20 20 20 20 20 20 20 20 20 20 20 20 20 20 20 20 20 20 20 20 20 20 20 20 
20 20 20 20 20 20 20 20 20 20 20 20 20 20 20 20 20 20 20 20 20 20 20 20 20 20 20 20 20 20 20 20 20 20 20 20 20 20 20 20 20 20 20 20 20 20 20 20 20 20 20 20 20 20 20 20 20 20 20 20 20 20 20 20 20 20 20 20 20 20 20 20 20 20 20 20 20 20 20 20 20 20 20 20 20 20 20 20 20 20 20 20 20 20 20 20 20 20 20 20 
20 20 20 20 20 20 20 20 20 20 20 20 20 20 20 20 20 20 20 20 20 20 20 20 20 20 20 20 20 20 20 20 20 20 20 20 20 20 20 20 20 20 20 20 20 20 20 20 20 20 20 20 20 20 20 20 20 20 20 20 20 20 20 20 20 20 20 20 20 20 20 20 20 20 20 20 20 20 20 20 20 20 20 20 20 20 20 20 20 20 20 20 20 20 20 20 20 20 20 20 
20 20 20 20 20 20 20 20 20 20 20 20 20 20 20 20 20 20 20 20 20 20 20 20 20 20 20 20 20 20 20 20 20 20 20 20 20 20 20 20 20 20 20 20 20 20 20 20 20 20 20 20 20 20 20 20 20 20 20 20 20 20 20 20 20 20 20 20 20 20 20 20 20 20 20 20 20 20 20 20 20 20 20 20 20 20 20 20 20 20 20 20 20 20 20 20 20 20 20 20 
20 20 20 20 20 20 20 20 20 20 20 20 20 20 20 20 20 20 20 20 20 20 20 20 20 20 20 20 20 20 20 20 20 20 20 20 20 20 20 20 20 20 20 20 20 20 20 20 20 20 20 20 20 20 20 20 20 20 20 20 20 20 20 20 20 20 20 20 20 20 20 20 20 20 20 20 20 20 20 20 20 20 20 20 20 20 20 20 20 20 20 20 20 20 20 20 20 20 20 20 
20 20 20 20 20 20 20 20 20 20 20 20 20 20 20 20 20 20 20 20 20 20 20 20 20 20 20 20 20 20 20 20 20 20 20 20 20 20 20 20 20 20 20 20 20 20 20 20 20 20 20 20 20 20 20 20 20 20 20 20 20 20 20 20 20 20 20 20 20 20 20 20 20 20 20 20 20 20 20 20 20 20 20 20 20 20 20 20 20 20 20 20 20 20 20 20 20 20 20 20 
20 20 20 20 20 20 20 20 20 20 20 20 20 20 20 20 20 20 20 20 20 20 20 20 20 20 20 20 20 20 20 20 20 20 20 20 20 20 20 20 20 20 20 20 20 20 20 20 20 20 20 20 20 20 20 20 20 20 20 20 20 20 20 20 20 20 20 20 20 20 20 20 20 20 20 20 20 20 20 20 20 20 20 20 20 20 20 20 20 20 20 20 20 20 20 20 20 20 20 20 
20 20 20 20 20 20 20 20 20 20 20 20 20 20 20 20 20 20 20 20 20 20 20 20 20 20 20 20 20 20 20 20 20 20 20 20 20 20 20 20 20 20 20 20 20 20 20 20 20 20 20 20 20 20 20 20 20 20 20 20 20 20 20 20 20 20 20 20 20 20 20 20 20 20 20 20 20 20 20 20 20 20 20 20 20 20 20 20 20 20 20 20 20 20 20 20 20 20 20 20 
20 20 20 20 20 20 20 20 20 20 20 20 20 20 20 20 20 20 20 20 20 20 20 20 20 20 20 20 20 20 20 20 20 20 20 20 20 20 20 20 20 20 20 20 20 20 20 20 20 20 20 20 20 20 20 20 20 20 20 20 20 20 20 20 20 20 20 20 20 20 20 20 20 20 20 20 20 20 20 20 20 20 20 20 20 20 20 20 20 20 20 20 20 20 20 20 20 20 20 20 
20 20 20 20 20 20 20 20 20 20 20 20 20 20 20 20 20 20 20 20 20 20 20 20 20 20 20 20 20 20 20 20 20 20 20 20 20 20 20 20 20 20 20 20 20 20 20 20 20 20 20 20 20 20 20 20 20 20 20 20 20 20 20 20 20 20 20 20 20 20 20 20 20 20 20 20 20 20 20 20 20 20 20 20 20 20 20 20 20 20 20 20 20 20 20 20 20 20 20 20 
20 20 20 20 20 20 20 20 20 20 20 20 20 20 20 20 20 20 20 20 20 20 20 20 20 20 20 20 20 20 20 20 20 20 20 20 20 20 20 20 20 20 20 20 20 20 20 20 20 20 20 20 20 20 20 20 20 20 20 20 20 20 20 20 20 20 20 20 20 20 20 20 20 20 20 20 20 20 20 20 20 20 20 20 20 20 20 20 20 20 20 20 20 20 20 20 20 20 20 20 
20 20 20 20 20 20 20 20 20 20 20 20 20 20 20 20 20 20 20 20 20 20 20 20 20 20 20 20 20 20 20 20 20 20 20 20 20 20 20 20 20 20 20 20 20 20 20 20 20 20 20 20 20 20 20 20 20 20 20 20 20 20 20 20 20 20 20 20 20 20 20 20 20 20 20 20 20 20 20 20 20 20 20 20 20 20 20 20 20 20 20 20 20 20 20 20 20 20 20 20 
20 20 20 20 20 20 20 20 20 20 20 20 20 20 20 20 20 20 20 20 20 20 20 20 20 20 20 20 20 20 20 20 20 20 20 20 20 20 20 20 20 20 20 20 20 20 20 20 20 20 20 20 20 20 20 20 20 20 20 20 20 20 20 20 20 20 20 20 20 20 20 20 20 20 20 20 20 20 20 20 20 20 20 20 20 20 20 20 20 20 20 20 20 20 20 20 20 20 20 20 
20 20 20 20 20 20 20 20 20 20 20 20 20 20 20 20 20 20 20 20 20 20 20 20 20 20 20 20 20 20 20 20 20 20 20 20 20 20 20 20 20 20 20 20 20 20 20 20 20 20 20 20 20 20 20 20 20 20 20 20 20 20 20 20 20 20 20 20 20 20 20 20 20 20 20 20 20 20 20 20 20 20 20 20 20 20 20 20 20 20 20 20 20 20 20 20 20 20 20 20 
20 20 20 20 20 20 20 20 20 20 20 20 20 20 20 20 20 20 20 20 20 20 20 20 20 20 20 20 20 20 20 20 20 20 20 20 20 20 20 20 20 20 20 20 20 20 20 20 20 20 20 20 20 20 20 20 20 20 20 20 20 20 20 20 20 20 20 20 20 20 20 20 20 20 20 20 20 20 20 20 20 20 20 20 20 20 20 20 20 20 20 20 20 20 20 20 20 20 20 20 
20 20 20 20 20 20 20 20 20 20 20 20 20 20 20 20 20 20 20 20 20 20 20 20 20 20 20 20 20 20 20 20 20 20 20 20 20 20 20 20 20 20 20 20 20 20 20 20 20 20 20 20 20 20 20 20 20 20 20 20 20 20 20 20 20 20 20 20 20 20 20 20 20 20 20 20 20 20 20 20 20 20 20 20 20 20 20 20 20 20 20 20 20 20 20 20 20 20 20 20 
20 20 20 20 20 20 20 20 20 20 20 20 20 20 20 20 20 20 20 20 20 20 20 20 20 20 20 20 20 20 20 20 20 20 20 20 20 20 20 20 20 20 20 20 20 20 20 20 20 20 20 20 20 20 20 20 20 20 20 20 20 20 20 20 20 20 20 20 20 20 20 20 20 20 20 20 20 20 20 20 20 20 20 20 20 20 20 20 20 20 20 20 20 20 20 20 20 20 20 20 
20 20 20 20 20 20 20 20 20 20 20 20 20 20 20 20 20 20 20 20 20 20 20 20 20 20 20 20 20 20 20 20 20 20 20 20 20 20 20 20 20 20 20 20 20 20 20 20 20 20 20 20 20 20 20 20 20 20 20 20 20 20 20 20 20 20 20 20 20 20 20 20 20 20 20 20 20 20 20 20 20 20 20 20 20 20 20 20 20 20 20 20 20 20 20 20 20 20 20 20 
